  -6.4794778e-01
  -5.8415919e-01
  -1.5547684e+00
  -2.2610279e-01
  -2.0518453e-01
   4.4815398e-03
   6.6537917e-02
  -1.3131127e-01
  -1.3297737e+00
  -7.6769144e-01
  -1.4588749e-01
   1.8376719e+00
  -4.2793699e-01
  -6.6334074e-02
  -5.4845875e-01
  -7.1587708e-02
   6.3126724e-01
  -8.3630534e-01
  -4.4478925e-01
   1.1125258e-01
  -5.0520363e-01
   1.2929555e+00
  -1.4712387e+00
   2.6248272e-02
  -3.6467256e+00
  -5.2798602e-02
   9.7777852e-02
  -1.3978623e+00
  -5.2966426e-01
  -1.5777150e-01
   1.7428281e-01
   1.1202731e+00
   3.8526520e-01
  -4.8507440e-01
   2.1302013e-01
   4.6384327e-01
  -7.9732798e-01
   6.8203430e-01
  -1.0814546e+00
  -4.1442469e-01
   9.3994122e-02
   2.9737307e-01
  -5.4588189e-01
   1.8348807e-02
   1.3853852e+00
  -1.8472450e-02
  -7.7058788e-02
  -1.4382653e+00
  -2.2255206e-01
  -9.6570882e-03
   2.1121219e-01
  -4.3102699e-01
   2.8320749e-01
   7.4176198e-01
  -4.3690905e-02
  -7.6212703e-02
   2.1317939e-01
  -8.0867926e-02
   6.3182924e-01
   1.7922545e+00
  -3.1606468e-01
  -7.0037177e-02
  -3.8907673e-01
  -7.1912034e-01
   1.2626376e-01
   1.3076439e-01
   9.0918832e-02
   5.2506540e-01
  -1.4803368e-01
   5.2211188e-03
   2.3295051e-01
  -1.5658882e+00
  -2.8321105e-01
  -2.4578959e+00
   3.0316041e+00
  -2.0802437e+00
   1.3316173e+00
   7.0917723e-01
   7.0060123e-01
   1.6325175e+00
   6.5177556e-01
  -1.8282140e+00
  -2.9698190e-02
   1.9380811e-01
   6.0476616e-01
  -4.9303847e-01
   3.0312632e-01
  -3.4597160e-01
  -3.8290449e-01
   2.4176026e-02
   1.0092457e+00
  -2.2577753e-01
   7.6833506e-01
  -5.3112896e-03
  -1.2753147e-02
  -4.3522430e-01
   1.3034117e+00
   3.9142699e-01
   1.2407723e-01
  -6.6526290e-01
  -1.1752247e+00
   1.9165226e-01
   4.6733035e-01
  -7.0882189e-01
  -9.5757364e-01
  -2.0898244e-01
  -3.7760594e-01
   2.5670512e-01
  -2.5403225e+00
  -6.0875675e-01
   5.3011908e-01
   1.8472429e-01
  -1.4669222e-01
   3.1539315e-01
  -2.8998870e-01
   1.0276094e+00
  -3.7965207e-01
   7.5221977e-01
   1.2357902e+00
   1.4037937e+00
   5.2774536e-01
   1.9190157e-01
  -3.7392049e-01
  -2.8923731e-01
  -2.1072519e-03
  -8.6425996e-01
  -1.0978306e+00
   4.0288211e-01
   3.6776441e-01
  -1.2794930e-01
  -3.3196429e-01
   8.2650708e-01
  -7.4058611e-01
  -3.5616201e-02
  -3.5870605e+00
   5.4227322e-01
  -4.3451551e-01
   1.1694549e-01
  -1.2805570e-01
   2.2532798e-01
  -8.1584173e-02
   5.6905360e-02
  -1.5075430e+00
   1.1575205e-01
   1.4437420e+00
   1.0443502e+00
  -9.0510668e-01
  -7.7042638e-02
  -4.2760673e-01
   9.2654993e-01
  -3.5470126e-02
   3.2541123e-01
   3.1439346e-01
   5.1986275e-01
   1.3117297e-01
   1.5688960e-01
   4.3561534e-01
   1.7811005e-02
   1.0808677e+00
   1.0190285e+00
   5.4122385e-01
  -2.6881949e-01
   5.7400198e-01
  -2.8018855e-01
  -8.0880705e-01
  -1.7017219e+00
   1.2774502e-02
  -6.2889696e-01
   2.0796227e+00
   2.4606815e-02
   8.9397025e-01
  -1.0589192e+00
   9.0002697e-02
  -6.8010437e-01
  -2.6390576e+00
   1.8832555e-01
  -4.2340052e-01
  -1.6987269e-01
  -1.0229024e+00
  -1.8549257e-01
  -1.2987034e+00
  -5.3060186e-01
   3.8627236e-01
  -7.3619012e-02
  -1.9498261e-01
  -1.5915984e+00
   9.7477442e-01
   1.3548530e-01
  -1.6882774e+00
  -4.9862364e-01
   7.1458998e-02
  -1.2447034e+00
  -4.0082255e-02
   2.2086139e-01
  -7.0460958e-02
   1.3875827e-01
  -4.2794248e-01
   5.7021823e-01
   1.3354164e+00
   3.0103598e-01
   6.7173078e-01
   8.2947976e-01
  -5.5772570e-01
   1.4632104e+00
  -1.1094505e-01
  -1.0329283e-01
   3.7424957e-02
  -1.5140124e-01
  -1.1487893e+00
  -8.2090042e-01
  -1.8379888e-01
   9.3875931e-02
   4.2148458e-01
   3.2424323e-01
  -1.2052506e-01
  -2.5569301e-01
   4.1470275e-01
   3.1672156e-01
  -8.1666725e-02
  -4.5144321e-01
   4.5824084e-01
  -8.5489367e-01
  -6.8274391e-01
   7.6310179e-01
  -6.9843210e-01
  -1.1834694e-01
   5.8099850e-01
  -7.2415865e-02
   7.4886038e-01
  -4.1953029e+00
   1.4250631e+00
   6.6664472e-01
  -6.7249745e-02
   6.7210828e-01
  -1.3772631e+00
  -1.3271100e-01
  -7.4049081e-01
  -1.6279957e-01
  -1.6296258e-01
   8.5787800e-02
  -4.1499755e-02
   4.1707909e-01
  -9.3051584e-01
  -1.5253982e+00
   4.0867033e-02
   2.0662420e+00
   2.4586731e-01
   5.1978622e-01
  -1.5384115e+00
   1.2090652e+00
   9.1143321e-01
   4.9477637e-01
  -1.1601638e-01
  -1.1530845e-01
   2.4710750e-01
   7.4605942e-01
  -4.9496483e-01
   5.4194397e-01
   1.8579319e+00
  -4.9731740e-01
   2.9355084e-02
   1.5705002e+00
   1.0625008e+00
  -6.2469351e-01
   2.5189993e-01
   6.8560087e-02
   5.4648730e-01
   5.7112445e-01
   3.5422674e-02
  -6.7129580e-03
  -8.6619752e-02
   9.7446200e-02
   3.9743316e-02
  -9.9760729e-02
   4.3288273e-01
   3.8381920e-01
  -6.1338461e-02
   7.9235651e-01
   2.6857967e+00
  -1.6001636e+00
   3.0418857e-01
   2.4807775e-01
  -4.6761997e-01
  -9.5849017e-02
   2.7633382e+00
  -2.6586353e-01
  -1.1960479e+00
   2.3933083e-01
   2.0222311e-01
  -8.9683737e-02
   2.7323379e-02
   9.2622716e-02
   1.0540505e-01
   2.9377958e-01
   5.5554986e-01
  -1.8823505e+00
  -7.7289163e-01
   1.2776488e+00
  -5.3182703e-01
   2.9912308e-01
  -3.2219386e-01
   2.0103345e-01
   8.8449001e-01
  -1.5682772e-01
   5.9100009e-02
   1.4212901e+00
  -3.6680433e-01
  -4.4440389e-01
   7.6784117e-01
   9.9097348e-01
   3.7723980e-01
   4.2614475e-01
   2.2341690e-01
   2.4005848e-01
  -2.3595604e-01
  -2.1353771e-01
  -1.6588834e+00
  -2.4121267e+00
   8.4521678e-02
  -7.0605035e-02
   3.7276829e-01
   3.1110126e-01
  -4.7676808e-01
  -1.0101581e-02
  -7.9744605e-01
   1.7085861e+00
  -6.3691232e-01
  -7.9391658e-01
  -4.9113884e-01
   3.4673879e-01
   2.5550188e+00
  -1.4705994e-02
   8.5947314e-01
  -3.9398481e-02
  -1.4066849e+00
  -4.6223564e-01
  -8.9628458e-01
   1.0749884e+00
   4.1129263e-01
  -4.0330983e-01
  -1.9893949e-01
   8.7617023e-01
  -2.0096104e-02
   8.2534036e-01
  -6.2490292e-02
  -2.0898181e-01
  -1.0200584e+00
  -5.8114527e-01
  -2.8134893e-02
  -2.0628294e+00
   6.8559337e-01
   4.5922092e-01
  -2.7227466e-02
  -1.6149927e+00
  -5.5631080e-01
  -2.4142949e-02
   6.6519479e-01
   5.4518024e-01
  -1.7986409e+00
  -1.1733195e+00
  -3.8976218e-03
   3.4624324e-01
  -5.6932638e-01
   1.4544191e-01
  -2.5918546e-01
   1.9725563e-01
   5.1098253e-02
   8.8701807e-01
  -6.2153496e-01
  -4.7449748e-01
   1.1535068e-02
   7.5784636e-01
   1.2007947e-01
  -8.2520692e-01
   1.0256635e+00
   4.5207168e-01
   1.6938337e+00
  -6.5082395e-01
   3.5246328e-02
   6.8935726e-02
  -7.8454578e-01
  -9.7972809e-01
   2.0176062e-01
  -6.8476486e-03
  -7.8294494e-01
   1.0109299e+00
  -3.8371566e-01
  -2.3928444e-02
   6.5144112e-02
   1.3683773e-01
  -1.2677946e+00
  -1.5710065e-01
  -1.5596761e-01
  -1.0601843e+00
   2.9914089e-01
  -7.1038174e-02
  -1.9446997e+00
   3.8289955e-01
  -4.1141746e-02
   4.2664825e-01
  -4.5833453e-01
  -1.1353443e+00
   4.5942252e-01
  -4.3856877e+00
   1.3686567e+00
   4.0707439e-01
  -2.1757184e-01
  -3.3903668e-01
   1.3080148e+00
   2.7049194e-01
  -4.9548332e-01
  -1.3051864e-01
  -2.0887477e-01
   7.8119325e-01
   2.3408936e+00
   5.5315959e-01
  -2.0077499e+00
  -3.6760682e-02
  -1.7876298e+00
   1.5424453e-01
  -4.4321390e-01
  -6.2340439e-01
  -4.8002083e-01
   8.5132825e-01
  -3.4967917e-01
   6.0543099e-01
  -6.3009798e-01
   2.0936503e+00
   4.7710980e-01
   9.1058622e-02
   4.4612164e-01
   6.4217947e-01
  -1.0274817e-01
  -7.2204662e-01
   6.9669512e-01
  -1.1249303e+00
  -5.0484745e-01
   2.3948243e-02
   5.8895095e-01
  -1.0246699e+00
  -5.4299880e-01
  -7.0745547e-01
  -1.5714440e+00
   1.7639175e+00
  -9.5007590e-02
  -3.5561058e-02
   3.1748125e-01
  -2.4462648e-01
   3.7342218e-01
   3.4023405e-01
   1.7279052e+00
  -2.3099960e+00
   6.6465586e-01
   7.2420868e-01
  -5.1016298e-01
   6.5575384e-01
   1.8808883e+00
  -6.8447726e-01
  -7.3220100e-01
   3.5602493e-01
   8.3251723e-01
  -4.0435076e-01
   3.3642792e-02
  -1.3041124e+00
  -3.2599064e-01
  -1.8345185e-01
  -3.0963047e-01
   4.0996710e-01
  -2.7396795e-01
   2.5609897e-01
  -4.3034187e-01
  -4.3489222e-01
  -8.7208584e-01
   1.2771034e-03
   5.2767893e-01
  -4.0945788e-01
  -2.9426150e-01
   7.9807037e-01
  -1.5315357e-01
   4.7444658e-01
   1.1641731e-01
   2.1321964e-01
  -2.0025282e-01
  -3.2304540e-01
  -7.8869601e-01
   6.5398303e-02
  -2.1665292e+00
  -4.0372441e-02
   1.6483255e-01
   2.4869413e-01
   2.2401235e+00
  -3.8649549e-01
  -1.1229348e+00
   8.8823420e-01
  -3.3774486e-01
   7.7459002e-01
  -2.6402891e-01
  -9.3789346e-01
   3.3967244e-02
   2.9356004e-01
  -4.3353281e-01
  -1.8745377e-01
  -4.5859489e-01
   1.8621231e-01
  -2.4455863e+00
  -1.1320151e+00
   1.7791966e+00
   2.9111555e-02
  -3.1348510e-01
  -1.4095845e-01
  -1.2863755e+00
   1.1799663e+00
   1.0150451e+00
   8.1832718e-02
  -3.4640192e-01
   1.1686756e+00
  -5.4968149e-01
   1.7856054e-01
  -8.4761944e-01
  -3.1735466e-01
  -3.4842100e-01
   5.9025236e-01
   9.9310581e-02
  -1.0010330e-01
  -6.3193745e-01
  -6.8743834e-01
   3.4596027e-01
  -6.1056037e-01
  -1.1831353e+00
  -5.4632808e-01
   2.5633698e+00
   4.6993909e-01
   4.4479182e-01
  -2.3256879e-01
  -1.7171117e-01
  -3.0583747e-01
   8.9021267e-01
  -1.3105218e+00
   8.1441790e-02
   1.2962365e+00
  -3.2428920e-01
   3.3839257e-01
  -7.9088187e-01
   3.5824126e-01
   3.3901899e-01
   1.1791391e+00
   5.5296085e-01
   8.3518214e-01
  -1.2843294e+00
   3.0245092e-01
  -5.0233310e-01
  -1.7952326e+00
   1.9161435e-01
  -7.9948244e-01
   4.7375400e-01
  -1.1883768e+00
   5.8441763e-01
  -5.4559280e-01
  -9.2304133e-02
   6.6023443e-01
  -1.5175445e+00
  -3.9823158e-01
  -1.2170100e-02
  -2.1582758e-01
  -9.4956533e-02
   3.1449716e-01
   2.3537105e-01
  -1.8392787e+00
  -1.2380118e+00
   2.7740165e-01
  -9.8745741e-02
  -1.1460027e-01
   1.6298147e+00
   5.1052389e-01
  -1.0619126e+00
   2.4974523e-02
   3.4948350e-01
   1.4717266e+00
  -1.3343221e+00
   5.5382959e-01
  -1.5794072e+00
  -2.6529489e-01
  -1.6502044e+00
   2.0006198e-01
   1.9536331e-02
  -8.8456836e-02
  -3.9623582e-01
   3.2057478e-01
   1.8953751e+00
  -1.6234159e+00
   5.3379960e-01
  -2.3581147e-01
  -2.0561062e+00
  -1.4336978e+00
  -1.0337130e+00
  -6.2175596e-02
   5.5185932e-01
   2.1259798e-01
  -9.6364556e-01
   1.0353937e+00
   4.0345622e-01
  -8.0788808e-01
  -1.8177753e-01
   8.3635745e-01
   3.6870004e-01
  -1.7725650e+00
   4.8705638e-02
  -6.9149329e-01
   1.7612324e-01
  -6.1738987e-01
  -4.9877287e-02
   1.9214503e+00
  -3.1101528e-01
   8.9317252e-01
   1.2430020e-01
   9.8842254e-02
   1.8689149e-02
   3.6697125e-01
   3.0112902e-01
   1.3119910e-01
  -1.8971361e+00
  -2.1584839e-01
  -5.3031653e-01
   1.2877687e-01
   2.3018936e-02
  -4.8067502e-01
   1.1081179e+00
   6.3551238e-01
  -9.0161095e-01
  -1.1725332e+00
  -1.5076665e+00
   2.3696113e-02
   7.8387104e-01
  -1.4607815e+00
  -1.7650369e-01
  -7.5169435e-01
   5.0032036e-03
   1.7448433e-01
   3.4899915e-02
   6.2922912e-02
   6.1183223e-01
  -8.3987637e-01
   7.9833332e-01
  -1.7895797e-01
   1.1868713e+00
   1.6907387e+00
   1.0267406e+00
  -5.0184076e-01
   8.7783738e-01
   6.6794929e-01
  -2.9304158e+00
   1.8718832e+00
   3.5976438e+00
  -1.7872547e+00
   4.3870205e-01
  -6.4029016e-01
  -1.1486725e+00
  -2.7796537e-01
   1.8701348e-01
   4.2840544e-01
   9.4938115e-01
   6.1297182e-02
   2.1958822e-01
   1.7396012e+00
  -4.6729707e-01
   4.1197607e-01
   1.7668902e+00
  -2.4288480e+00
   1.2884421e+00
   2.1509680e+00
   1.0690650e+00
   1.8184678e-01
   9.8820234e-01
   1.4523339e+00
  -5.1416770e-02
   6.4394505e-01
  -7.3727090e-01
  -1.1831327e+00
  -3.8349137e-01
  -1.0891568e+00
   3.5583697e-01
   7.5191049e-01
   4.0737734e-01
   1.1079807e+00
   2.9403879e+00
   1.0040628e+00
   1.3889905e-01
   9.4781107e-01
   2.4493880e-01
   5.6144721e-02
  -2.0862352e+00
  -6.1250946e-02
   6.5271747e-01
   2.4818612e-01
  -2.4922210e-01
  -1.7706488e-01
  -2.1838102e-01
  -7.5686051e-01
  -1.7305970e-01
   1.1266278e-01
  -2.4393808e-01
   2.1775719e-01
  -7.3771978e-01
   4.4309724e-02
  -1.2142168e-01
  -2.2596890e-01
  -2.8300440e-01
  -6.8906081e-01
  -1.3438392e+00
  -5.2658002e-02
   7.4776459e-01
  -2.0934869e-01
  -4.1950002e-02
  -1.6195666e+00
  -1.2714111e+00
  -1.2512981e-01
   5.8625442e-03
  -8.6622775e-01
  -7.6489701e-02
  -6.0395603e-02
   6.1871749e-02
  -1.3146425e-01
  -2.1342954e+00
  -6.9972346e-01
  -1.5838778e+00
  -2.0390427e-01
  -1.0424055e+00
  -2.2686989e-02
   1.1916240e+00
  -1.6910913e-01
  -1.5712352e+00
   4.6130882e-01
   6.5149458e-01
  -1.2860015e+00
  -6.1495598e-01
   9.8175211e-02
  -4.1465717e-01
   1.5850220e+00
   3.0067189e-01
  -1.1929985e+00
  -4.3517691e-01
  -4.8040656e-01
  -5.2997022e-01
   1.3360169e-01
   7.8408975e-01
  -8.1580602e-03
   1.0713301e-01
   1.8989207e-01
   6.1550210e-01
   9.3359037e-01
  -3.9434814e-01
   2.4693377e+00
  -4.2940326e-01
  -2.7398844e+00
  -6.1738712e-01
   7.1868212e-01
  -3.7189498e-01
  -1.0390612e+00
   1.0052228e-01
  -2.5852727e-01
   1.0186069e-01
  -3.7171213e-01
  -1.4688106e-01
  -2.3374121e-01
  -2.6793648e-01
   6.1904764e-01
  -1.6240331e+00
  -1.2257655e+00
  -4.5658690e-01
   1.1477294e+00
  -1.6173594e-01
  -2.4340374e-01
   5.1814951e-01
  -2.7014122e-02
  -2.6581620e+00
  -2.0537440e+00
   2.5090510e-01
   7.5464578e-01
  -2.0823292e-01
  -2.0888938e+00
  -8.9632540e-01
  -1.5303824e+00
  -1.6992254e+00
  -1.0015318e+00
   1.2553514e-01
   4.1312262e-01
   6.5970871e-01
  -7.6312277e-01
   4.8512955e-01
  -2.9650125e+00
   1.7215148e-01
   5.1858162e-03
  -7.3371230e-01
   1.2544370e+00
  -2.3272273e-01
   1.4190322e+00
   2.0434788e-01
   5.6010951e+00
  -1.8039782e+00
   2.4174291e+00
   2.0543170e-01
   2.6967647e+00
   2.2610082e-01
   9.8938571e-01
  -2.0705309e-01
   2.2462716e-01
  -1.7341778e+00
  -2.6276729e-01
  -5.6173369e-02
  -7.6245716e-01
   5.3823269e-01
  -1.6607310e-01
  -1.9014129e+00
  -4.6167957e-01
   1.9355019e+00
  -9.9229608e-01
   4.5753784e-01
   1.0390737e+00
   5.8748673e-01
  -7.3319095e-01
   1.8564388e-01
   5.1039236e-01
  -8.7202553e-01
  -6.7381887e-01
   9.9716414e-02
   2.1630213e-01
  -1.2258927e-01
  -5.4905978e-01
  -3.7287514e-01
  -1.4386200e-01
   1.8513287e-01
  -1.6926239e-01
   7.9475090e-01
   4.6162394e-02
   5.6902475e-01
  -3.0110840e-01
   2.3570462e-01
   1.3103361e+00
  -7.7799802e-01
  -2.5106358e-01
   2.9234425e-01
  -9.1211347e-01
  -1.8103990e-01
  -1.2213256e-01
  -6.4205378e-02
  -2.0132630e+00
  -3.6534503e-01
  -5.8948925e-02
   1.0637902e+00
   8.9646174e-01
   3.2178177e-01
   3.8231511e-01
  -1.2037696e+00
   2.5166152e-01
   1.8098196e+00
   9.1283005e-01
   7.1967077e-01
   1.3509404e+00
  -1.3454913e-01
  -1.1195594e+00
   6.3652342e-01
   1.0630759e+00
  -4.8031823e-01
   9.0236851e-01
   8.1078234e-01
  -5.8441176e-02
  -1.1876009e+00
   2.2250025e+00
   4.2486088e-01
   2.0834551e-01
  -2.5334237e-01
   1.1485994e+00
   4.5798329e-03
  -3.5983076e-01
  -9.8963486e-01
  -7.9879521e-01
  -4.4684709e-02
  -6.4237625e-01
   3.9270976e-01
  -1.1638332e+00
  -8.4491884e-01
   2.7084540e+00
   1.6266127e-01
   1.2529265e+00
  -1.4498008e-01
   1.3052904e+00
  -7.9108238e-01
  -1.1823609e+00
  -1.6789838e-01
   4.2278760e-01
   9.2983362e-02
  -2.0576189e+00
  -1.0993765e-01
  -1.2396383e+00
   6.3006327e-01
   7.0605960e-01
  -1.1558469e+00
  -5.7328517e-01
  -1.2279657e+00
  -6.0425089e-02
  -5.1750884e-01
  -1.1499255e+00
   2.0839324e+00
  -3.8962484e-01
  -8.0164914e-01
  -5.7340478e-01
  -2.9544157e-01
   6.1772829e-02
  -7.6121514e-02
  -2.7181543e-02
  -4.9411855e-01
   2.5907131e-01
   2.7211110e-03
  -2.5487595e+00
   9.7366275e-01
   3.9689906e-02
   6.5554062e-01
   7.0218906e-01
  -1.0067101e-02
   1.2719966e+00
   1.2001200e+00
   1.8642592e-01
   6.8487737e-01
   1.8698106e+00
  -1.5638896e-01
   1.0081639e+00
   5.9078224e-01
   2.6002456e-02
   1.9772558e+00
   7.0362307e-02
  -2.4713642e+00
  -1.2544890e+00
   3.2363611e-01
  -6.1709115e-01
  -1.4169422e-01
  -1.7018319e+00
  -2.0385220e+00
  -2.5221153e-01
   9.7771682e-02
   9.9644133e-01
   4.8861168e-01
   2.8376254e+00
   4.2827487e-01
   1.8109980e+00
   3.8168599e-01
  -7.1442137e-01
  -6.4268577e-01
  -3.5774626e-01
  -2.6717569e+00
   5.7634085e-01
  -1.4566828e-01
  -1.6808717e-01
  -1.1734207e+00
  -1.2034642e-01
   2.9101309e-01
   5.4853652e-01
  -5.9275151e-01
   1.0321791e-01
   2.1311834e-01
  -2.4690208e+00
   2.2365877e-01
  -2.2734519e-01
  -6.4060567e-01
   1.4817763e-02
  -4.0675280e-02
   2.4598670e-01
  -4.8558016e-02
   3.4096388e-01
  -3.9378950e-01
   6.4676799e-02
   1.3795738e+00
  -2.0254941e-01
  -8.7765449e-01
   2.7406944e-01
  -8.1896319e-02
   6.2610077e-01
   1.4778236e+00
   6.8586121e-01
   2.9430237e+00
  -2.1326868e-01
  -4.5343444e-01
   1.0708548e+00
   1.7872454e-01
   1.8420535e-01
   2.2798598e+00
  -2.7970182e-01
   2.2811038e+00
  -3.5970309e-01
   2.0729961e+00
  -9.0763226e-01
  -3.3084830e-01
  -1.6775572e-01
  -1.7202027e-02
   1.6517111e-01
  -6.3535101e-01
  -1.9636490e-01
  -1.4055735e+00
   2.2021519e+00
  -1.2260130e+00
  -4.1515876e-01
