  -1.2938905e+00  -2.4437067e+00  -3.2226674e+00
  -1.3075157e+00  -6.6826645e-01  -1.2130563e+00
   6.2788663e-01   7.5635607e-01   1.2778181e+00
  -7.9356367e-01  -2.7670580e+00  -4.3333984e+00
   2.0697927e+00   3.8912339e+00   2.0804930e+00
   4.9256168e-02  -2.5321587e+00  -2.6379706e+00
   4.6482980e+00   3.9239478e+00   3.0617010e+00
  -7.7526493e+00  -7.9741021e+00  -4.4346469e+00
   2.1533775e+00   2.6495188e+00   2.9675272e+00
  -1.8671374e+00  -1.6706886e+00  -8.0948899e-01
  -1.8015504e-01   2.8462187e-01   4.7893019e-01
   3.9633376e+00   6.0484752e+00   2.0057380e+00
   3.8682732e+00   3.1028792e+00   1.2867361e+00
   1.8845861e+00  -9.8665785e-01  -2.9807832e+00
  -5.0080166e+00  -3.7383013e+00  -4.8616129e+00
   1.7212863e+00   8.9405214e-01   1.7552201e+00
   4.1002545e-01  -8.2225270e-01  -6.4989830e-01
  -3.2130806e+00  -1.8811613e+00  -1.1506300e+00
  -2.2041536e+00  -2.3826072e+00  -3.8967271e+00
   1.2201217e+00  -4.9784140e-01   1.8331097e-01
  -5.3037718e+00  -6.4277968e+00  -5.3566107e+00
  -1.2254658e+00   5.7880573e-01   7.7776022e-01
   5.1627891e+00   5.2432657e+00   6.2619304e+00
  -2.4084382e+00  -2.5083274e+00  -3.2544254e+00
   4.8249729e+00   5.2970146e+00   4.4123290e+00
   8.4403806e-01  -1.0451879e+00  -2.4807501e+00
   7.1629417e-01   6.3274059e-01   1.4949887e+00
  -1.5294191e+00  -6.5709312e-01   1.1408658e+00
  -4.1405401e+00  -2.8609153e+00  -3.0934430e+00
   1.3997723e+00   2.4743187e+00   2.5492378e+00
   6.3617945e-01   4.6503077e-01   8.8201506e-01
  -3.9248832e-01   2.1342650e-01  -1.5592448e+00
  -7.4746444e-01   1.0632005e-01   2.0651471e+00
  -2.0202998e+00   8.2928506e-01  -1.6814175e+00
  -1.1341611e+00  -8.6108156e-01   2.6580585e-01
  -2.4895272e+00  -3.4416926e+00  -2.6986857e+00
   1.7761369e+00   3.5237535e+00   5.1527978e+00
   3.3956438e+00   1.2156724e+00   1.9760586e-01
  -1.5477815e+00  -7.7790853e-01  -9.1454053e-01
   2.4561889e+00   2.9974996e-01   8.5751212e-02
  -1.4597186e+00   9.8508403e-01   7.8953647e-01
  -2.6390254e+00  -3.9260761e+00  -4.0953970e+00
  -2.4845847e+00  -3.5439991e-01  -2.1843366e+00
  -1.8427584e+00  -2.9213306e+00  -2.8509739e+00
   1.7861657e+00   1.8399066e+00   1.3085264e+00
  -3.5347266e+00  -1.9364657e+00  -9.7586242e-01
  -1.1341576e+00  -3.1175609e-01  -3.7583628e-01
   1.5086516e+00   6.2224387e-01  -1.3183372e+00
   1.5374964e-01  -8.6258121e-02  -1.1850575e+00
  -6.6398643e-01  -7.5980198e-01  -8.0023909e-01
  -3.2014713e+00  -2.0928833e+00  -1.1770554e+00
   1.3935367e-01  -6.1340313e-01  -2.6245572e+00
  -7.5813390e+00  -1.0268976e+01  -8.3447101e+00
  -7.2734117e+00  -6.7036935e+00  -7.3035020e+00
   5.3573528e+00   5.8501063e+00   5.0675675e+00
  -1.1031434e-02  -1.1198844e+00  -3.1134525e+00
   8.2226787e-01  -1.5025915e+00  -4.4546939e+00
  -5.4775136e+00  -5.0026815e+00  -4.2629713e+00
  -2.4211551e+00  -4.1654417e+00  -2.4578260e+00
   9.4400669e+00   9.6913173e+00   1.0414499e+01
   1.6516866e+00   5.4428554e+00   2.1231792e+00
   1.5966928e+00   1.9628913e+00   1.6568281e+00
   1.5585025e+00   7.1140607e-01   1.7243148e+00
  -1.6038150e+00  -1.0829130e+00  -2.2733927e+00
   9.1265618e-01  -1.1915945e-01   1.2712607e+00
   1.4708761e+00   1.2885646e+00  -1.1651165e+00
   2.4055078e+00   1.9731811e+00   7.6341558e-01
  -4.1583281e+00  -2.1424041e+00  -3.1730686e+00
  -1.6201029e+00  -9.6492966e-01  -1.5971317e+00
   2.6880552e+00   2.0891037e+00   1.8544809e+00
   5.6821856e+00   6.0629135e+00   5.0839106e+00
   3.2048653e+00   3.5193472e+00   1.6976904e+00
  -3.5637739e+00  -1.4804277e+00   1.3647743e-02
   6.0330417e+00   4.6492234e+00   3.7801636e+00
   3.9466590e+00   3.5902667e+00   4.4816377e+00
  -1.7188429e+00  -4.5212031e+00  -4.6617369e+00
   1.9442695e+00   1.4992812e+00   5.3781845e-01
  -1.4557398e+00  -1.7638992e+00  -1.2869348e+00
   2.7769020e+00   3.0624145e+00   1.3922610e+00
   2.7433966e+00   2.2421153e+00   1.5427235e+00
  -5.3051834e+00  -5.8009583e+00  -5.5918224e+00
  -2.5624303e+00  -2.7915968e+00  -2.5739529e+00
  -1.4719105e+00  -1.7866861e-01   1.1835676e-02
  -3.2154262e+00  -3.6843036e+00  -4.3933175e+00
   2.9416451e+00   2.7658522e+00   4.6053255e+00
  -4.1930793e+00  -3.1419100e+00  -2.5131448e+00
  -4.9122500e+00  -2.9860347e+00  -2.0578340e+00
   3.2307066e+00   4.7229321e+00   1.5110365e+00
  -1.7487051e+00  -1.7780519e+00   1.5829940e+00
  -4.4721931e+00  -1.5726585e+00  -6.0227181e-01
   2.0764719e+00   1.4120749e+00   9.7912685e-01
  -2.5283901e+00  -3.3001986e+00  -5.0906932e+00
   1.4110047e+00   8.2012236e-01  -5.9699146e-01
  -6.1948965e-01  -4.0738087e+00  -4.4530990e+00
  -1.6269522e+00  -2.5767266e+00  -3.1851967e+00
   3.3411523e+00   1.4718276e+00  -8.7576183e-02
  -6.3913178e-02  -2.9647872e+00  -2.0197110e+00
  -1.4387672e+00   1.1207861e+00  -2.3159007e+00
  -4.4779967e+00  -4.6374391e+00  -5.2148472e+00
   2.1173408e+00   2.1160999e+00   1.8044770e+00
  -3.5977729e+00  -2.9998380e+00  -4.7149061e+00
   2.4191306e+00   4.6815008e+00   5.8773650e+00
  -5.7234321e-01  -1.1253590e+00  -1.1558079e+00
   2.2531952e+00   1.7235419e+00   2.0609483e+00
  -7.7871025e+00  -5.9628145e+00  -6.4255817e+00
  -2.9964382e+00  -2.9538748e+00  -4.8777718e+00
  -6.2777543e-01   8.1209068e-01   2.0762549e+00
   1.6366871e+00   8.8858252e-01   2.0908970e+00
   6.7235181e+00   3.5523156e+00   1.3159287e+00
  -1.5213568e+00  -2.3356542e+00  -5.9909976e-01
  -5.2887223e-01   1.4970002e+00   1.0660153e+00
  -3.3813569e+00  -1.4719784e+00   9.0945006e-01
   6.3820317e+00   3.3738404e+00   5.0566928e+00
  -4.6170267e+00  -4.2732045e+00  -3.2107042e+00
  -6.5786894e-02  -2.8527029e+00  -3.2469338e+00
  -4.5565741e+00  -5.5582722e+00  -4.1412779e+00
   1.9308759e+00   2.9574306e+00   4.0291645e+00
  -1.4043456e+00  -1.7171835e+00  -1.6487014e+00
  -6.1408518e+00  -4.8218066e+00  -2.2789781e+00
   2.1301598e+00   3.0288024e-01  -2.1209755e+00
  -3.4945583e+00  -2.8304940e+00  -1.8971099e+00
   4.8771540e+00   2.0761061e+00   9.0145717e-01
   2.8053413e+00   3.4323326e+00   3.0328746e+00
   6.1038282e+00   6.1430303e+00   6.3555217e+00
   7.5839848e-01   1.8936904e+00   3.4212187e+00
  -2.3890674e+00  -2.8366868e+00  -3.5802040e+00
   9.3912790e-01  -3.5080488e-01   2.5186707e-01
  -2.9098616e-01   7.7853391e-01   2.8037267e-01
  -3.0468890e+00  -1.2615368e-01   1.0104885e-01
   2.3822872e+00   3.1847724e+00   8.4373835e-01
  -1.9030730e+00  -1.6912483e+00  -4.6702645e-01
   3.6650216e+00   3.8216561e+00   2.7362924e+00
  -2.2200111e+00  -2.9616974e+00  -1.6850788e+00
  -3.0664364e+00  -2.6937248e+00  -3.2724259e+00
   3.7429309e+00   2.0280367e+00   1.2039171e+00
  -6.4951723e+00  -6.3198316e+00  -5.7998059e+00
  -4.4206580e+00  -1.2631971e+00   1.3263952e+00
  -1.6568320e+00   1.8872831e-01  -8.0625616e-01
   6.2920736e-01   1.2133875e+00   4.7526871e-02
   3.2343167e+00   1.5463458e+00   2.0867781e+00
  -1.4360762e+00   1.8833463e+00  -9.3655531e-01
   4.3690850e+00   3.9202904e+00   4.0719870e+00
   7.4486794e-02   6.2385657e-01  -1.2628871e+00
   1.4621222e+00   2.3755600e+00   2.2553558e+00
  -2.8929050e+00  -3.7877571e+00  -1.8550907e+00
   7.5531380e-01   2.2176581e+00   1.4424822e+00
   6.2241354e+00   4.7005483e+00   4.8398445e+00
   1.5878249e+00   2.7728680e+00   1.9409547e+00
  -1.9664326e+00   1.1626975e-02  -2.1003255e+00
   2.1360205e+00   1.6735523e+00  -3.9698838e-01
   1.7097046e+00   2.3275084e+00   8.4209346e-01
  -8.0160033e-02  -3.4014674e+00  -5.6024505e+00
   4.1929445e+00   1.8618065e+00  -1.2177853e+00
  -3.4348231e+00  -5.6947315e+00  -4.6313638e+00
  -9.6283279e-01  -3.7138735e+00  -1.8648979e+00
   2.4080105e-01   1.5954358e+00   4.7480866e-01
  -1.5253525e-01   1.7300484e+00   2.4209322e+00
   2.9994288e+00   1.9796217e+00  -5.6310100e-01
   2.1909341e-01  -1.9150202e+00   4.1483326e-02
   2.0228681e+00   1.0767373e+00   2.1598168e+00
  -1.1214672e+00  -1.1583504e+00  -4.8605627e-01
  -2.5473509e+00  -2.3325349e+00  -1.3655254e+00
  -4.1022701e-01   2.7662850e+00   3.8195498e+00
  -2.6510121e+00  -2.7666089e+00  -4.0674571e+00
  -2.5875640e+00  -2.9767473e+00  -4.5773894e+00
  -2.8054713e-01   9.8141945e-01   3.6431897e-01
   3.7553002e+00   1.6807779e+00   6.5334371e-01
   7.3991922e-01  -8.4685722e-01  -3.7877691e-01
   2.7772535e+00   1.8120410e+00   1.4049425e+00
  -5.8160205e+00  -4.0001722e+00  -4.9658865e+00
   3.1482839e+00   3.9132639e-01  -5.4063241e-01
  -3.4289406e+00  -2.1876776e+00  -1.3431463e+00
  -2.1576362e+00  -2.4209647e+00  -2.5137652e-03
   2.8751036e+00   1.7351126e+00   2.0081587e+00
   3.0807040e+00   3.4845243e+00   3.1452187e+00
   1.7632112e+00   9.5582985e-01   1.0733735e+00
   7.3510780e+00   9.4652366e+00   5.4861551e+00
   2.1357110e-01  -2.5532809e-02  -7.7318215e-01
  -7.2634182e+00  -7.4087195e+00  -6.6292404e+00
  -5.9637915e+00  -3.1489615e+00  -2.7033727e+00
  -2.5499298e+00  -3.5555467e+00  -4.5932975e-01
   1.4398816e+00   1.2790993e+00  -7.5520822e-01
  -2.7038443e+00  -6.2265741e+00  -4.9447971e+00
  -3.7132939e+00  -3.8529977e+00  -3.2204355e+00
   3.5984532e-01  -6.1154944e-01  -3.2144395e+00
  -2.4991694e-02   8.3105643e-01   1.8753011e+00
   1.5531948e+00   6.6865842e-01   1.5083233e+00
   3.6891564e+00   2.2440281e+00   3.0210524e-01
  -4.7231177e+00  -3.4088275e+00  -2.5017144e+00
  -6.7414181e+00  -8.5008209e+00  -5.5106874e+00
   5.2029249e+00   4.7536676e+00   3.6671844e+00
  -2.6686351e+00  -2.9623019e+00  -1.5136626e+00
   1.9023739e-01   1.7315126e+00   3.0091890e+00
   6.7768402e+00   5.5446994e+00   2.7780765e+00
   2.1766413e+00   4.1026257e-01  -1.7637741e-01
  -1.3391524e+00  -1.8780536e+00  -3.6206874e-01
   8.6968336e-01   2.6501335e+00   4.9620734e+00
  -3.9855851e+00  -3.1464069e+00  -4.9124687e+00
   5.9035555e-01   2.3958333e+00   2.0289080e+00
   4.3265486e+00   1.9553678e+00   1.9825490e+00
   2.4024454e+00   1.9332878e+00   7.9750173e-01
  -3.0785262e-01  -9.9421215e-01   8.3118939e-01
   2.9257471e+00   2.6292389e+00   2.5434454e+00
  -5.5670283e+00  -4.2019548e+00  -1.7298392e+00
  -2.3010446e+00  -2.0644497e+00  -2.7588096e+00
   1.2737084e+00   1.7783265e+00   2.8662043e+00
  -1.8330856e+00  -5.7054484e-01  -7.9348057e-01
  -4.5692805e-01  -1.3968562e+00  -2.0450319e+00
   1.9245413e+00   2.3350385e+00   2.3871443e+00
   1.2830094e+00   1.2002768e+00   9.1542169e-01
  -1.1903821e-01  -1.9672011e-01   1.9297117e-01
  -4.2015191e+00  -2.6806672e+00  -3.2544695e+00
  -1.1395214e+00  -1.0318289e+00  -1.2045586e+00
   3.9771455e+00   3.8749692e+00   5.5862320e+00
   2.2505750e+00   3.7925594e+00   1.5266869e+00
  -7.1412878e+00  -5.6154930e+00  -3.5687184e+00
  -3.8711001e+00  -3.6867535e+00  -2.8748406e+00
   2.5048694e+00   1.6764672e+00   4.4650446e+00
  -4.3070084e-01   3.5472343e-01   3.0960825e+00
   5.2793481e+00   4.2056575e+00   2.4915815e+00
  -2.6385621e+00  -9.1197992e-01   1.7269338e+00
   4.8328243e+00   5.6922628e+00   4.5186676e+00
   2.4460553e+00   1.0340982e+00  -1.1627542e-01
   1.0894041e+00  -8.9879523e-01  -2.6475450e+00
  -2.1730348e+00  -2.9455148e+00  -3.5470473e+00
  -6.0635482e-01  -3.5152325e-01  -1.1332925e+00
  -3.2919139e+00  -1.5466698e+00  -1.2431051e+00
  -4.5869626e+00  -4.5787704e+00  -3.9489735e+00
   1.0768591e+00   2.4015585e+00   2.4357534e+00
  -3.6813083e+00  -4.6655535e+00  -5.1123268e+00
  -3.3462750e+00   2.0596705e-01   9.4221448e-01
  -7.2085592e+00  -5.2475314e+00  -6.1994179e+00
   1.7071507e+00   4.5383420e+00   6.7098984e+00
   1.6530911e+00   2.7498763e+00   2.7302225e+00
   2.4074277e+00   5.0566636e+00   4.0540319e+00
   2.4216948e-01   8.7692417e-02   3.7380012e-01
   3.2739183e+00   3.7674797e+00   3.1771906e+00
   1.2769524e+00   2.7173534e-01  -1.5273760e-01
  -9.4334325e-01  -2.3205884e+00  -1.7216888e-02
   1.9340536e+00   1.4256254e+00   4.5021712e+00
   2.4529124e+00   2.1711828e+00   2.3197301e+00
   3.7440621e-01   3.1759358e+00   3.6623116e+00
  -2.6432270e+00  -2.5788877e+00  -1.4425588e+00
   5.9909256e+00   3.8012956e+00  -5.4367567e-01
  -5.4580232e-01  -6.2615261e-01   2.4424741e-01
   4.4473753e+00   5.4556869e+00   6.3046133e+00
   3.5596282e+00   3.5032234e+00   3.7752724e+00
   4.8864194e+00   7.0815285e+00   7.2533700e+00
   6.4486696e-01   2.6573561e+00   2.6752728e+00
   2.9077439e+00   1.7865991e+00   2.2930022e+00
   2.4819182e+00   2.6620593e+00   1.8015883e+00
   4.6808697e+00   2.6251855e+00   1.3270268e+00
  -2.8806299e+00  -1.8124240e+00  -2.4851435e+00
  -8.2332313e-01  -2.7571331e+00  -4.2868972e+00
  -1.7618228e+00   5.1081197e-01   2.1094109e+00
   8.3818087e+00   1.0741868e+01   9.4352066e+00
  -1.3519628e+00  -7.2954938e-01  -1.7935095e-01
   4.9334383e+00   3.7904425e+00   2.4915322e+00
   2.4689175e+00   2.2639568e+00   3.4348383e+00
  -1.2071514e+00  -2.0460789e+00  -2.6194445e+00
   3.5556007e+00   2.4843362e+00   1.1666392e+00
   8.6028741e-02  -2.2624651e+00  -9.3296483e-01
  -5.9248099e+00  -4.0302997e+00  -4.2206543e+00
  -6.3777973e-01   7.9376768e-01  -8.2350451e-01
   3.9667361e+00   4.1147011e+00   7.1795330e+00
  -1.8344196e+00  -1.6836608e+00  -2.6461967e+00
   9.5762597e-01  -1.2163135e+00   3.0770312e-02
   7.4844875e-01   1.1158655e+00  -3.1989269e-01
   9.8980307e-01   2.9015502e+00   3.7333607e+00
  -7.5231922e-01   7.7332371e-01   1.1974378e+00
  -4.8108105e-01   9.1349492e-01  -2.8929557e-01
   6.7480360e-01   1.2112536e+00  -3.0112819e+00
  -5.4445019e-01  -6.4999524e-01   2.1698288e+00
   2.7935204e-02  -2.1058124e+00  -1.3990593e+00
   2.1500500e+00   1.7838948e+00   4.1192976e-01
  -5.2060981e+00  -3.1221483e+00  -4.3780163e+00
   4.5884550e+00   4.9888557e+00   4.2292876e+00
   8.7770339e-01   2.5833036e+00   3.5564922e-01
   2.4454689e-01   2.7026288e+00  -2.4308073e-01
  -1.5182782e+00  -6.0885403e-01  -1.1692555e+00
   1.7867039e+00   2.4616422e+00   1.9407753e+00
   1.8696146e+00   2.7439091e+00   1.6599335e+00
  -3.2760178e+00  -3.7771769e+00  -3.8400531e+00
   1.9875679e+00   1.7721757e+00  -2.1180611e-01
   3.3011078e+00   4.6827893e+00   1.4706716e+00
   5.2374663e+00   4.6488781e+00   4.6799158e+00
   3.4571370e+00   4.1104567e+00   2.8171284e+00
  -3.6618832e+00  -3.8832205e+00  -1.7301407e+00
   2.0860841e+00   1.3999840e-01   2.8653227e+00
   3.1026436e+00   1.3871222e+00   1.0318364e+00
  -2.6900243e+00  -2.2594962e+00  -2.2053320e+00
  -4.7714117e+00  -6.3206688e+00  -4.7166266e+00
   4.4908022e+00   7.5127277e+00   7.9483558e+00
   1.6078712e+00   1.8869845e+00   9.9371699e-01
  -3.2721436e+00  -9.5793909e-01  -3.3155879e+00
   1.0843137e+00   1.2334448e+00   2.1957526e+00
  -4.4715097e+00  -2.4688863e+00  -4.6984916e+00
  -3.6532059e+00  -2.6901274e+00   2.9536501e-01
  -4.7424546e-01   4.8933772e-01   3.5906212e-01
   3.8440948e+00   5.2628878e+00   6.0878448e+00
  -1.9719460e+00  -1.0576782e+00  -1.0101530e+00
   2.2892804e+00   1.5242809e+00   5.2201936e-01
  -3.5441756e+00  -4.2835282e+00  -3.5730442e+00
  -3.8685760e+00  -3.0032497e+00  -2.2610739e+00
   1.2449111e+00  -8.6983338e-01  -2.6286118e+00
  -2.8923591e+00  -2.0685463e+00  -1.0303186e+00
   1.0062297e+00   6.2556440e-01  -9.5895626e-02
   4.2927472e+00   3.5663081e+00   2.2486687e+00
   2.0633454e+00   1.8917974e+00   2.5808428e+00
  -7.9214162e-01  -1.2786220e+00  -1.2146126e+00
   2.2870816e+00   1.6489935e+00  -2.9994963e+00
   2.4962547e+00   1.0993728e+00  -1.1579977e+00
   2.4827063e+00   1.4750092e+00   3.5065856e+00
   5.7516670e+00   5.6770863e+00   6.6972916e+00
  -1.9116526e+00  -5.1737414e-01  -4.0611600e-01
  -2.2656346e+00  -3.7780969e-01   1.6738406e+00
   6.4403843e+00   7.3865353e+00   5.2937602e+00
   4.0746484e+00   3.4008655e+00   1.5944241e+00
   1.5240960e+00   2.6546024e+00   1.2375911e+00
  -9.5562941e-01  -1.1768738e+00   1.1115842e-01
  -9.7713428e+00  -9.6176494e+00  -8.9162415e+00
  -5.8015180e+00  -4.6929479e+00  -5.1750478e+00
   5.0662715e+00   3.0728257e+00   1.2174219e+00
  -1.0090128e+00  -1.1665325e+00  -3.7780457e+00
   1.4599012e+00   5.2615337e-01  -1.3592828e+00
  -5.6195787e-01   1.8820198e+00   1.9256497e+00
   3.1399854e+00   2.0399999e+00   9.1385536e-01
  -3.1950354e+00  -3.2823072e+00  -4.2916389e+00
   1.4386876e+00   2.9005329e+00   3.6537197e+00
  -3.3755762e+00  -5.1421449e+00  -2.7233199e+00
   1.3090865e-02  -2.5365775e+00  -3.4669366e+00
   3.4628384e+00   3.7585986e+00   3.7672116e+00
  -6.3816966e+00  -4.5714274e+00  -4.1811189e+00
  -3.5831470e+00  -7.3514084e-01  -9.8404493e-02
   6.1437163e+00   5.2091165e+00   6.1438062e+00
   3.7110048e+00   4.3626477e+00   5.1548371e+00
   3.8842819e+00   9.3860708e-01   2.0996307e+00
   3.4560964e+00   5.3207342e+00   5.5181979e+00
   1.8416928e+00   2.0677942e+00   3.5283871e+00
   1.7904458e+00   2.8549876e+00   1.9802443e+00
   4.3544634e+00   3.5318767e+00   6.0340349e+00
   2.2695705e-01   3.3053280e-01  -2.0295578e+00
  -2.5121640e+00  -1.8947250e+00  -4.7695895e-01
  -6.8570326e+00  -6.9835731e+00  -3.8238282e+00
  -1.7497281e+00  -3.3254852e-01  -1.2453604e+00
   5.5953781e-01  -8.5354793e-01  -3.2999669e+00
  -4.5450638e-01   2.4917602e+00   4.4692518e+00
   9.3613874e-01   2.2797873e+00   2.0069606e+00
  -6.3243068e+00  -7.8655623e+00  -8.8260310e+00
  -8.5205435e-01  -9.8380100e-01  -1.4686496e+00
   2.5972198e+00   2.8406478e+00   4.3883490e+00
  -1.1938110e+00  -1.0209195e+00  -1.2949274e+00
   1.8249244e+00   1.9860725e+00   1.9619688e+00
  -2.5853298e+00  -2.9130040e+00  -2.5971714e+00
  -8.0355200e-01  -2.9810616e-01   6.7555278e-01
  -4.6111943e+00  -3.6494720e+00  -2.9306449e+00
  -1.6981547e+00  -1.1735177e+00  -4.6438505e-02
  -2.5793023e-01  -3.7097784e-01   3.1271440e+00
   1.3841973e+00   1.9339313e+00   2.1381333e+00
   4.2185290e+00   4.1440578e+00   4.3552643e+00
  -3.6413996e+00  -3.8074516e+00  -3.5139183e-01
  -6.9606243e-01  -1.4903452e+00  -9.8864365e-01
  -3.5846640e+00  -2.4962784e+00  -3.5315150e+00
   2.6776776e+00   3.9357295e+00   9.6451090e-01
  -5.1879002e+00  -4.1063045e+00  -2.4817642e+00
   2.1922250e+00   2.0666979e+00   5.9381726e-01
   2.8041085e+00   3.7232451e+00   1.9419591e+00
  -7.5735591e+00  -1.0009210e+01  -1.0622174e+01
   1.4379162e+00  -5.5672480e-02   2.4979546e-01
   6.1805143e-01  -1.1801258e+00  -8.3811264e-01
  -5.8283647e+00  -8.0511117e+00  -7.5005231e+00
   2.8335791e+00   2.7447616e+00   3.3059264e+00
   3.1568180e+00   8.2762218e-01  -8.1405087e-01
   6.0913585e+00   4.9368500e+00   4.3265350e+00
   4.0015791e-01   5.5200770e-01   2.5422512e-01
   3.8360174e+00   2.4332558e+00   1.9221851e+00
   7.7452005e-01   1.4368477e+00  -1.2428598e+00
   1.6902483e+00   1.1258616e+00   1.5940606e+00
  -6.5843885e-01  -1.8734210e-01   4.6646555e+00
  -1.6873943e+00  -9.0088436e-01  -2.9436123e+00
   2.4952982e+00   2.9337339e+00   2.5221348e+00
  -6.3614631e+00  -4.4187959e+00  -6.7795506e+00
   4.0976239e+00   3.0071465e+00   3.5255985e+00
  -1.4459317e+00   9.9917132e-01   9.0842458e-01
   3.5473564e+00   4.3370152e+00   6.1339231e+00
  -9.1267219e-01   9.4714633e-01   2.1362595e+00
  -5.6238474e-01  -1.9548047e+00  -3.2412991e+00
   6.9866905e-03   4.3555740e-01   1.2416630e-01
   6.0282964e-01   2.3339759e+00   1.7366290e+00
   3.3950381e-02  -2.1712237e+00  -3.1747272e+00
  -1.3375590e+00  -3.3014987e-01   2.2851657e+00
   2.3200475e+00   4.6522378e+00   2.9204240e+00
   1.8481913e+00   1.8866494e+00   1.1499298e+00
  -8.8689174e-01   2.2055244e-01   1.4703810e+00
   4.5309897e-01   2.4436114e-01   1.1869541e+00
  -4.4189944e-01   1.4265099e+00   1.2287136e+00
  -3.3147988e+00  -3.3074219e+00  -1.0317943e+00
   1.2804527e+00   5.6143154e-01   1.6831582e+00
   1.7038673e+00   9.3784383e-01  -1.7960171e-01
   1.7078858e+00  -7.2478769e-01  -1.6841850e+00
  -5.3544509e-01   2.4013191e+00   2.3839502e+00
  -4.2393339e+00  -4.8650694e+00  -3.0804575e+00
  -3.7714861e+00  -3.6885787e+00  -4.1567454e+00
   5.8928100e+00   5.8163844e+00   4.2996526e+00
   3.5077857e+00   2.5805612e+00   2.8183237e+00
  -3.1531057e+00  -3.1139159e+00  -3.3187300e+00
  -1.0123642e+00  -3.1375540e+00  -2.8106357e+00
   4.2350841e+00   1.6367419e+00   3.1128030e-01
  -1.2369785e+00  -4.8752318e-01  -1.2304795e+00
   3.1051953e+00   2.2845131e+00   1.7734130e+00
   3.2488255e+00   4.2688459e+00   2.5799780e+00
  -6.4431895e-01   3.9391185e-01   2.2283669e+00
  -1.3703062e-01   1.4458457e+00   3.1440640e+00
   1.0899918e+00   1.0395227e+00   8.6008294e-01
   4.7422492e+00   3.9112523e+00   2.2859946e+00
  -1.0961347e+00  -1.4150023e+00  -4.7449338e-01
   2.4030234e+00   1.5007191e+00   1.0697879e+00
  -3.8435512e+00  -3.6117990e+00  -4.1754758e+00
   3.7353214e+00   2.4503376e+00   1.8291490e+00
   5.9496133e+00   6.3431180e+00   6.9395847e+00
  -3.7576219e+00  -3.6649328e+00  -4.1608887e+00
  -4.3793478e-01   3.1984754e+00   3.9776958e+00
   6.1819431e-01   5.1961630e-01   2.0365887e+00
  -8.9414425e-01  -9.6746854e-01  -1.4767186e+00
  -2.7335023e+00  -3.5579038e+00  -5.2666786e+00
   1.3276013e+00   1.4054732e+00   1.7333685e+00
  -2.1287060e-01  -2.7509159e-01   1.7091328e+00
   3.8564907e+00   4.7679787e+00   5.6104984e+00
  -1.4722658e+00  -1.3075487e+00  -4.1032937e+00
   1.3395497e+00   1.5860992e+00   2.8726399e+00
  -1.1693157e+00   1.0364227e-01  -1.6906471e+00
   2.4307464e+00   2.9591629e+00   3.2969824e+00
   7.0228586e-01  -1.5273378e+00  -2.8019408e+00
  -6.7710300e+00  -5.4146447e+00  -6.7218224e+00
  -8.6650926e-01  -4.0330134e+00  -3.8987536e+00
   2.3787799e+00   9.8670858e-01  -7.3787557e-01
   2.3570113e+00   2.9180704e+00  -8.5862152e-01
  -2.4558274e-01   7.6196316e-01  -1.8992312e+00
  -2.8333778e+00  -4.6099314e+00  -5.6128169e+00
   2.7829141e+00  -3.2281063e-01   3.8142325e-01
   2.0887508e+00   3.8964701e+00   5.6933185e+00
   2.6539516e+00   3.4204001e+00   5.4761208e+00
   4.0806783e+00   5.0725636e+00   5.0417338e+00
  -6.6008838e+00  -7.3704308e+00  -8.7785988e+00
   3.7654442e+00   3.6658763e+00   1.7685314e+00
   7.2404854e-01   8.7452483e-01   2.3090423e+00
  -1.7821750e+00   4.4994806e-01   2.4693267e-02
   1.1088412e+00   2.8120619e+00   4.1496531e+00
  -1.0363574e+00  -5.4711291e-01  -2.4521571e+00
  -7.6715570e+00  -8.7039629e+00  -8.7168378e+00
  -4.0460240e+00  -4.7303152e+00  -2.9897329e+00
   1.0485866e+00   3.3135587e-01  -6.9167541e-02
   2.7905399e+00   1.7727376e+00   2.7666369e+00
   4.5683163e+00   4.9442382e+00   3.7799422e+00
  -9.6541040e-01  -4.5595344e-01   4.9892082e-01
   3.0202576e+00   2.6432230e+00   2.0135558e+00
   3.4917177e-01  -5.6552818e-01  -1.9667260e+00
   3.2058806e+00   3.4900682e+00   4.9068840e+00
   4.3186837e+00   5.6402134e+00   5.0150172e+00
   1.6849259e+00   6.3635226e-01  -2.9743221e+00
   2.9456499e+00   4.1186744e+00   8.2365050e-01
   6.3504169e-01  -6.1400464e-01   8.0976487e-01
  -4.1762869e+00  -3.4280237e+00  -2.5086277e+00
   6.0287209e-01   2.9310937e+00   2.2597996e+00
   4.1911025e-02  -3.5921927e+00  -6.0908042e+00
  -5.4959891e+00  -5.1666538e+00  -5.1743242e+00
  -2.7409523e+00  -1.3001166e+00  -2.4017712e+00
   2.3573287e+00   2.0373790e+00   1.2448490e+00
   4.6770781e+00   2.1546330e+00   1.2624659e+00
  -2.9138631e+00  -2.2270432e+00  -2.8461862e+00
   3.3924064e+00   2.4118050e+00   1.3586753e+00
  -3.2936189e+00  -3.7545127e+00  -4.2867090e+00
   2.9649070e+00   4.8135369e+00   3.1013359e+00
  -4.1803257e+00  -5.3537270e+00  -4.6802035e+00
  -4.1671965e+00  -5.0844614e+00  -5.9710079e+00
   1.1900226e+00   8.2854600e-01  -1.2325309e+00
   2.3652348e-01   1.0215833e+00   2.1227851e-01
  -1.9037493e+00  -4.1392728e+00  -7.3939715e+00
  -1.8574925e+00  -1.5812115e+00  -1.9077736e-01
  -3.8930904e+00  -3.1954626e+00  -2.2368140e+00
   5.1086478e+00   3.8780901e+00   1.3644462e+00
  -7.8818799e-02   2.2288303e+00  -4.3171323e-01
   1.3857220e+00   2.1942803e+00   3.4887698e+00
  -3.3955550e-01  -6.7118182e-01   2.4619933e-01
  -6.8945894e+00  -5.3467725e+00  -6.9509758e+00
   3.3680992e-01  -2.8259737e-01  -3.1496178e+00
  -6.6630209e+00  -7.6152526e+00  -5.5954331e+00
  -1.5102838e+00  -8.9361662e-01   6.5763006e-01
  -1.3357780e+00  -6.2237538e-01  -1.4633644e+00
  -2.0764467e+00  -2.6269482e+00  -1.6261824e+00
  -2.5917122e-01   1.2718806e+00   2.6899078e+00
   1.5725934e+00   1.4535397e-01   4.1065093e-01
  -2.2684916e+00   1.0950077e+00  -3.0635607e+00
  -1.5340285e+00  -1.5040570e+00  -1.1550501e+00
   1.4975742e+00   2.1665189e+00   1.9154804e+00
   7.5177568e-01  -3.0711749e-01  -3.7781009e-01
   3.3792544e+00   3.7654830e+00   3.4882364e-01
  -4.8748933e-01   4.0657204e-01  -4.8937615e-01
  -4.5985420e+00  -1.0670341e+00  -1.4447233e-01
  -2.0195285e+00  -2.9248563e+00  -1.7166544e+00
  -3.4195973e+00  -2.3926732e+00  -1.6200257e+00
   1.6169528e+00   1.9683329e+00   4.0300992e+00
   1.2259866e+00   1.3928135e+00  -1.0857300e+00
  -8.3276771e-02  -1.2325011e+00  -1.5302546e+00
  -1.9074334e+00  -2.6333943e+00  -8.4599402e-01
   1.4418647e+00   1.7011511e+00  -3.1018136e+00
  -3.4802063e+00  -3.5267925e+00  -2.9687490e+00
  -1.9614270e+00  -1.5977473e+00  -8.5711681e-01
   2.0783925e+00   2.5431960e+00   2.2726403e+00
   5.6026887e+00   4.3907786e+00   5.0918243e+00
  -1.0634719e+00   2.3658486e-01  -8.2838984e-01
   2.3178420e-01   4.2332891e-01  -9.0394899e-01
  -3.5860764e+00  -2.4082834e+00   1.0212260e+00
  -8.0364078e+00  -7.6655720e+00  -8.3551930e+00
   1.1122526e+00   2.5830720e+00   6.9972753e-01
  -2.8384451e+00  -3.2857102e+00  -1.7189795e+00
   1.5133315e+00   2.7454777e-01   8.6014548e-02
   2.2280183e+00   4.6764722e+00   4.4047371e+00
  -3.6685102e+00  -2.6021358e+00  -1.0816256e+00
  -1.1952495e+00   2.0590291e-01   9.5678347e-01
  -6.8156166e-01  -2.2269203e+00  -1.1118174e+00
  -1.0344602e+00  -7.6060869e-01  -9.6857999e-02
  -2.8479287e+00  -2.4192754e+00  -2.2356515e+00
  -1.0452444e+00  -1.5956579e+00  -3.5155019e+00
   1.9627032e+00   1.0492316e+00   1.1710372e-01
  -3.3148320e+00  -2.6101189e+00  -3.2482293e+00
  -5.3708570e+00  -5.1571212e+00  -3.4111851e+00
   1.3646061e+00   2.2532528e+00   2.3757972e+00
   1.7569371e+00  -1.6770174e+00  -3.6770491e+00
   2.5564487e+00   2.5030800e+00   4.7827709e+00
   2.7814248e+00   4.9469032e+00   5.2915547e+00
   3.5567279e+00   1.9088337e+00   3.5013067e+00
   3.3003829e+00   3.2694530e+00   2.1899035e+00
  -3.9365996e+00  -2.3639886e+00  -3.0628320e+00
  -2.1991952e-01  -6.1443911e-01   6.3613135e-01
   2.4357320e-01  -9.1962315e-01  -1.3429194e+00
  -1.3101633e+00   2.4042451e-01   3.7438898e-01
  -1.3035474e+00  -2.9490641e+00  -3.3599565e+00
   8.2521699e-01   4.1535074e-01  -1.6188711e+00
   3.0519006e+00   2.1749902e+00   3.1159107e+00
  -3.3342299e+00  -1.9563947e+00  -4.0591411e-01
   2.1780822e+00   1.8783168e+00   1.1252448e+00
   2.4811521e+00   1.6867669e+00   6.9434410e-01
   1.8302374e-01   4.4633675e-01   1.3588128e+00
   3.5882358e+00   4.0147603e+00   3.4658226e+00
  -5.4436808e-02   2.0850242e+00   1.1291657e+00
   8.7147411e-01  -6.1600119e-01  -3.3673025e+00
  -2.8352555e+00  -2.9453766e+00  -4.5491860e+00
  -3.4144584e+00  -9.9689058e-01  -2.5221138e+00
   3.4032043e+00   3.6795286e+00   3.4743535e+00
   2.1750517e+00   3.1971861e+00  -8.4088076e-01
   2.1675984e+00   1.6722067e+00  -4.1443242e-01
   5.8740131e+00   5.6351147e+00   4.9378125e+00
   1.9709093e+00   1.6528946e+00   3.5342819e+00
  -1.9952761e+00  -3.6331580e+00  -2.6084108e+00
  -3.4098042e+00  -4.6689301e+00  -3.6930166e+00
  -4.8700966e+00  -6.5392123e+00  -5.7838832e+00
  -1.6845946e+00  -2.5224860e+00  -2.4377196e+00
  -5.7645604e+00  -4.9923916e+00  -3.7509769e+00
   1.5847736e+00   1.3515410e+00  -5.5336487e-01
  -8.5640027e-01  -1.3310044e+00  -2.8804380e+00
   4.5682734e-03  -1.4885171e+00  -2.4899993e+00
   6.3284053e+00   5.1651058e+00   5.3527554e+00
  -6.9945430e-01  -3.9103926e+00  -4.0125248e+00
  -2.4848716e+00  -4.9477283e+00  -3.7883103e+00
  -2.5874196e+00  -1.7309919e+00  -1.6253623e+00
   2.5917790e+00   2.0366016e+00   1.1422340e+00
   5.0760826e+00   5.3678187e+00   4.9658858e+00
  -4.3651266e+00  -1.3989883e+00  -1.1572503e+00
   2.1246158e+00   8.5755987e-01  -6.3317364e-01
  -1.6634715e+00  -1.5022760e+00  -1.4144214e+00
   1.8991684e+00   4.2909721e+00   3.1770194e+00
  -3.1563827e+00  -2.3547544e+00  -3.9533091e+00
   1.5216180e+00   6.5836886e-01   2.1775975e+00
   3.4744295e+00   2.3374672e+00  -1.6839839e-01
   2.4461447e+00   2.0317453e+00   2.1737848e+00
   5.3985918e-01  -2.3927465e-02  -3.7158626e-01
   6.3476642e-01   1.6494328e+00   2.3783949e+00
  -7.9686447e-01  -2.2978224e+00  -1.4544224e+00
   3.0609837e+00   3.7423919e+00   3.6797781e+00
   4.1646943e+00   4.9526653e+00   4.2050170e+00
   7.8625619e-01   1.0762869e+00   1.3228925e+00
  -1.6002638e+00   7.5986632e-01  -7.8015984e-02
   7.7790575e-01  -6.5349404e-01   2.1698616e+00
   3.9791760e+00   4.2032719e+00   2.5907891e+00
  -6.3286300e-01   1.3758835e+00   2.6145235e+00
  -3.3806516e+00  -3.3838765e+00  -3.3027380e+00
   6.2717390e-01   2.4898660e+00   2.4193900e+00
   3.1380066e+00   1.5147384e+00   2.4270991e+00
   1.9391645e-01   5.3950367e-01  -3.7154380e-01
   1.7220047e+00   1.2395639e+00   2.0869394e+00
  -1.5080189e+00  -4.0555211e-01  -6.3850854e-01
  -1.7263940e+00  -6.0278953e-01  -2.6464876e+00
  -4.6521516e+00  -2.6524313e+00  -1.7458094e+00
  -2.6610406e+00  -8.7201267e-01  -2.0321424e+00
  -4.8511222e+00  -7.2517764e+00  -6.2939938e+00
   7.4422995e-01  -8.9781154e-01  -1.9099719e-01
  -2.6607707e+00  -3.8406918e+00  -1.9818670e+00
  -4.4591136e+00  -4.7531399e+00  -8.2050463e+00
   7.5064685e+00   7.1136267e+00   7.0359433e+00
  -2.2480618e+00  -2.2498737e+00  -2.2002505e+00
   3.0218919e+00   3.0493111e+00   5.0521184e+00
  -1.1586910e+00   2.0895877e+00   7.6120333e-01
   2.1297386e+00   1.5527743e+00   2.8439041e+00
  -5.2613982e+00  -5.8991965e+00  -7.0298825e+00
  -9.8654426e-01  -1.3864690e+00  -1.9866927e+00
   3.4529372e+00   4.3769154e+00   2.3369310e+00
  -8.1302115e-01  -6.7756278e-01  -8.8699412e-01
  -4.1766221e-01   3.4196082e+00   4.2622894e+00
  -4.0031378e+00  -3.0250770e+00  -5.1999570e+00
   7.0771687e+00   5.9478779e+00   5.4435911e+00
  -2.0799969e+00  -2.1172480e+00  -8.3616586e-01
  -1.9284990e+00  -3.2510080e+00  -1.1780131e+00
   5.4206886e+00   3.1745688e+00   4.9562986e+00
   3.7362071e+00   3.2231419e+00   2.1875091e+00
  -6.4992338e-01  -3.3381283e+00  -1.8608388e+00
  -1.5242319e-01   4.0837771e-01  -3.1107142e-01
   2.3973003e+00   1.4791771e-01   2.7935470e-01
   4.3139884e+00   1.1021155e-01  -7.2722365e-01
   7.3945993e-01   3.2980129e-01   2.7594354e-03
   1.9601700e+00   6.6714904e-01   5.2363786e-01
   3.3738234e+00   1.7712003e+00   1.2347797e+00
  -2.0976588e+00  -2.5384744e+00  -1.3654779e+00
   6.5051178e+00   5.4394290e+00   5.2726015e+00
   4.5733123e+00   3.6765846e+00   2.9846827e+00
   2.0052809e-02   5.5105684e-02  -1.3586434e+00
  -4.3285966e+00  -4.0623735e+00  -3.8837748e+00
   1.1947781e+00   8.5480408e-01  -1.1837043e+00
  -1.1708154e+00  -1.7819343e+00  -4.0083372e+00
   2.3759864e+00   1.6927627e+00   4.2654140e-01
  -2.5121130e-01   1.1625693e+00  -4.7291098e-01
  -2.9362565e-01  -7.7576698e-01  -1.8111410e+00
  -5.8680341e+00  -4.6719657e+00  -4.2482890e+00
  -3.5379401e+00  -2.3998110e+00  -4.4579170e+00
  -5.8942182e+00  -4.7215422e+00  -2.2998197e+00
  -1.1342735e+00   8.8956726e-02  -6.8264647e-01
   1.7726752e+00   1.2031637e+00   7.4173561e-01
  -4.8597567e+00  -4.6371611e+00  -2.9135610e+00
  -2.1229286e+00  -3.5117014e+00  -2.5667626e+00
   1.9225909e+00   2.9063390e+00   9.8676096e-01
   4.6577930e+00   4.1072799e+00   3.6893779e+00
   1.7200575e+00   1.4200840e+00   2.8745947e+00
   1.5224731e+00   2.0107151e+00   1.1950263e+00
   6.3039168e+00   6.1129162e+00   4.8337647e+00
   2.8995702e+00   2.2336927e+00   2.8818254e+00
  -2.7677648e+00   1.3537577e+00   8.1491837e-01
   3.6580717e+00   3.7304816e+00   1.3609910e-01
  -6.0249467e-01  -1.5246292e+00  -4.3085606e-01
   3.7566343e+00   4.9519036e+00   7.8231683e+00
   4.9281253e+00   1.3802333e+00   1.1772738e+00
  -5.8597929e-01  -2.4208115e+00  -1.9418479e+00
  -1.5093944e+00  -2.5811461e+00  -1.4452234e+00
  -4.3975159e+00  -2.9578515e+00   2.8268614e-01
  -1.7426130e+00  -7.3091550e-01   5.5795969e-01
   3.0875286e-01  -2.4640328e-01  -1.7292713e+00
  -4.8126526e+00  -4.1627357e+00  -4.9238790e+00
   3.3922954e+00   1.6705924e-01  -1.2386524e+00
  -2.0218010e+00   2.5912091e-01  -1.0538888e+00
  -9.7675647e-01  -3.1450437e-01   9.2734651e-01
  -1.5913171e+00  -1.8699793e+00  -3.5091125e+00
  -1.1452590e+00  -1.0556736e+00  -3.4567124e-01
   1.6089628e+00   1.6701219e+00   3.0875435e+00
  -1.7294347e+00   4.4969813e-01   1.2421041e-01
  -1.1397241e+00  -7.5299902e-01   1.6211531e-02
  -1.7275834e-02   1.9915532e+00   2.3332836e+00
  -7.0657561e-01  -1.4893462e+00  -1.4089634e+00
   4.9816104e+00   5.7951925e+00   5.8288702e+00
   1.0897380e+00  -3.2548276e-01  -3.8142049e-01
   2.8276063e+00   5.6765081e+00   6.8980321e+00
  -1.4349283e+00  -3.7506203e+00  -9.8677465e-01
   5.4507221e+00   6.2625520e+00   7.9684179e+00
  -2.3746370e+00  -7.0567853e-01  -5.8180003e-01
  -5.1655866e+00  -3.0977339e+00  -1.4176124e+00
   5.4712333e-01  -5.2443105e-01  -2.4558698e+00
   8.9881644e-01   3.9754544e-01  -1.1712421e+00
   8.8742582e-01   6.8927476e-01   4.6975436e-01
   1.6823490e+00  -8.4002475e-02   2.3233726e+00
  -2.3297512e+00  -2.4973343e+00  -1.1349993e+00
  -2.7141848e+00  -2.4081084e+00  -1.4023655e+00
  -2.5773111e+00  -2.5875162e+00  -4.8376170e+00
  -5.5940690e-01   1.7878515e+00   5.0531456e+00
   4.1089549e+00   2.7547502e+00   2.4424168e+00
   1.8357583e+00   1.9189345e+00   2.1311637e+00
  -1.8595287e+00  -1.3939769e+00  -1.7027477e-01
   9.0492893e-01   2.5883839e+00   3.3704836e+00
  -2.2711927e+00  -5.1680130e+00  -5.2681685e+00
  -3.0175813e+00  -3.2681927e+00  -4.1605810e+00
  -1.3334142e+00   3.1220472e-01   1.9291721e+00
  -6.6510844e-01  -2.5841121e+00  -2.2653866e+00
   2.0143011e+00   1.1741666e+00   5.7027479e-01
  -1.2158176e-02   2.4540386e+00   4.1614683e+00
   2.3253245e-01   2.6538365e+00   1.2634834e+00
   2.2464667e-01   3.1091377e-01   1.8091519e+00
  -3.0543726e+00  -2.7057700e+00  -3.6285964e+00
   1.4594276e+00   2.1322133e+00  -3.5833353e-01
   5.3135994e-01   3.8619001e-01   1.7214938e-01
  -2.9637987e+00  -3.1605859e+00  -1.0259400e+00
  -3.5189258e+00  -2.9971505e+00  -3.5762877e-01
  -4.0548765e+00  -4.5407520e+00  -8.1518140e-01
   1.0806056e+01   8.2536929e+00   7.6073256e+00
   2.9125139e-01   1.0600318e-01  -1.6695330e+00
   2.1650740e+00  -2.5689236e-01  -3.0153877e+00
   2.2986912e-03   1.3723601e+00   3.6391435e+00
  -7.0376303e-01   8.9821474e-01  -9.6445038e-01
   3.9465665e+00   3.6935569e+00   1.8027178e+00
   9.4822165e-01   7.7762767e-01   3.7634785e-01
  -2.9144294e+00  -1.8340844e+00  -2.4778111e+00
   1.2528371e+00   2.7708187e+00   1.4423360e+00
   5.3186782e+00   6.4834552e+00   4.8524975e+00
   8.2347779e+00   8.4541361e+00   8.6361177e+00
   4.9227619e+00   4.1224188e+00   4.1206798e+00
   2.0272377e+00   2.2600564e+00   1.8464924e+00
  -9.0295693e-01   5.5231198e-01   3.4365294e+00
  -4.2586578e+00  -3.4737367e+00  -4.2053909e+00
   1.2246876e-01  -2.9285926e+00  -1.6825102e+00
   3.6961999e+00   2.6780395e+00   2.2420029e+00
  -5.7690658e+00  -4.7924047e+00  -4.3839462e+00
  -2.8474599e+00  -2.9040909e+00  -3.5047260e+00
   2.2798455e+00   4.6339099e+00   4.8475171e+00
   1.0345540e+00   9.4935543e-01   5.1560336e-01
  -1.0728689e+00  -1.4568073e+00  -2.7441954e+00
   6.6702587e-01  -1.7860545e-01  -1.5586875e+00
  -8.7607196e-01   1.2813767e+00  -8.2092276e-01
   6.2877073e+00   3.6436415e+00   9.7339032e-01
  -4.9491644e+00  -2.1172169e+00  -2.7078612e+00
  -5.7327581e+00  -6.3728145e+00  -5.2282781e+00
   1.2450174e+00   2.1941952e+00   1.6379019e+00
   1.0608480e+00   2.5567718e+00   1.1879683e+00
  -9.8341766e-01   5.8153820e-01   2.3073392e+00
   6.9856982e+00   7.2207151e+00   4.4464348e+00
   5.1291967e+00   4.5259389e+00   4.1238965e+00
   2.1537506e+00   3.6413470e+00   4.4021752e+00
   4.3183837e+00   4.3965728e+00   4.2984063e+00
  -2.5134132e+00  -3.2835488e-01   1.3372331e+00
  -5.2057262e+00  -5.1479482e+00  -4.6851384e+00
  -1.2067444e+00   4.6097346e-01   1.5954077e+00
  -9.7092493e-01   5.3618848e-01   6.3219046e-01
  -1.1910556e+00  -2.9308644e+00  -3.5311418e+00
   2.8426272e+00   2.8990636e+00   4.5552421e+00
  -3.6160034e-01  -4.2805435e-03  -5.6148345e-02
   2.3616621e+00   3.4479164e+00   3.1741023e+00
   6.7840679e+00   6.0066885e+00   7.4059946e+00
   4.2612334e+00   4.7573918e+00   3.5708259e+00
   7.1474186e-01  -5.9602774e-02  -1.5824000e+00
   4.1221079e+00   5.2762749e+00   4.3736836e+00
   2.5699957e+00   3.7854893e+00   2.4948724e+00
  -1.2187474e+00   1.7612494e+00   2.3573877e+00
  -5.3719650e+00  -4.3793808e+00  -3.2184657e+00
   6.8342385e-02  -2.9151132e+00  -4.0002848e+00
  -1.2222365e+00   5.7653291e-01  -6.0078401e-01
   8.9409100e-01   2.0032129e-01   7.9964082e-01
   1.8506491e+00   8.0534829e-01   6.6785410e-01
  -2.6652575e-01   1.9694814e+00   3.7638948e-01
   7.2670385e+00   8.9001548e+00   8.1394539e+00
   5.4940024e+00   7.5381386e+00   6.6423629e+00
  -1.7147781e+00  -2.5542867e+00  -3.6846743e+00
  -2.1851642e+00  -1.4731518e+00  -8.3899718e-01
  -4.2949757e+00  -5.5541641e+00  -6.6089670e+00
   6.5653153e+00   5.9925074e+00   5.0633310e+00
   2.3842825e+00   3.2441316e+00   4.9054695e+00
  -5.7462092e+00  -7.7497714e+00  -8.0630805e+00
  -7.7037406e-01   2.4381759e-01  -7.2581074e-01
   3.8273263e+00   3.7558639e+00   5.6211196e+00
  -1.4726515e+00  -1.1518185e+00  -1.1004307e+00
   2.6239185e+00   3.8382611e+00   1.6337880e+00
   2.7483303e+00   1.7200003e+00   3.1296792e+00
   2.8984771e+00   2.3033010e+00   1.2079747e+00
   2.0403833e-01   1.0568117e+00   8.8381674e-01
  -1.3177538e+00  -3.5265827e+00  -2.6856571e+00
   2.3989617e+00   2.3015227e+00   2.1130313e+00
  -8.5154068e-01  -3.7387487e-01  -9.5896043e-01
   1.5011065e+00   1.4238858e+00   3.3081957e+00
  -1.2277402e-01   2.8453475e+00   2.0601044e+00
  -7.5952648e+00  -7.6975203e+00  -9.4986534e+00
  -4.1400586e+00  -5.0919129e+00  -5.4477023e+00
  -2.6775265e-01  -5.8748651e-01   2.8510734e-01
   4.9684907e+00   3.9177809e+00   5.4778301e+00
   2.9121964e+00   2.5593601e+00   2.6873309e+00
   1.6335963e+00   1.8246384e+00   8.4609147e-01
   1.1710147e+00   1.9899772e+00   2.3773456e+00
   5.9200732e+00   2.8310157e+00   1.9142999e+00
  -5.9995945e+00  -4.1103492e+00  -3.6156503e+00
  -8.2909800e-01  -9.9241241e-01  -3.1165163e+00
   4.1209585e+00   2.3589211e+00   2.2964476e+00
   2.4907499e-01  -2.0119612e+00  -1.5242066e+00
   6.8187727e-01  -4.8388686e-01   1.5145557e+00
   2.9568961e+00   1.7507779e+00   5.8262495e-01
  -2.7803710e+00  -3.4376775e+00  -2.8985817e+00
  -2.2185930e+00  -2.0656436e+00  -2.4900962e+00
   1.8300411e+00  -5.3427498e-01   1.8339635e+00
   1.8356990e+00   2.2118099e+00   3.5775699e-01
   2.0602656e-01   1.8887014e+00  -7.4464701e-01
  -3.2634222e+00  -4.2918636e+00  -3.8782375e+00
  -7.6161947e+00  -4.1923187e+00  -3.8451980e+00
  -5.3938228e+00  -5.9673649e+00  -6.1523993e+00
  -1.8491623e+00  -4.4688440e+00  -4.6816159e+00
  -4.6593442e+00  -4.0667740e+00  -3.3502773e+00
   4.4774472e+00   3.7554390e+00   3.3289712e+00
   4.1597479e+00   1.8106570e+00   1.0264105e+00
  -8.1270400e-01  -4.0323014e+00  -3.6706288e+00
  -4.5397278e+00  -6.0226034e+00  -4.2029033e+00
   5.0521643e+00   4.6353351e+00   3.5332742e+00
  -1.5550794e+00  -1.0859031e+00   6.2556417e-02
  -9.4795108e-01   6.6348217e-01   2.2241935e+00
   5.8519661e-01   6.0762664e-01  -5.4344011e-01
   6.4567495e-01   7.4263825e-01   2.0554886e+00
  -2.1881605e+00  -2.6516955e+00  -2.1864236e+00
   1.2393833e+00   2.0954691e+00   2.1935124e-01
  -3.1659488e+00  -3.1037757e+00   1.1444102e+00
   1.7861656e+00   2.6791371e+00   3.4684952e+00
  -1.3308442e-02   3.4874446e-01   8.8898195e-01
  -1.7867525e+00  -1.4921281e+00  -3.0878323e+00
   2.8654871e-01  -8.0940382e-01  -3.6315798e-02
  -2.0753915e+00  -5.9320690e-01  -1.4190985e+00
  -2.5722440e+00  -3.3201654e-01  -1.3524464e+00
   2.7357241e+00   3.3727203e-01  -7.0200868e-01
  -5.2971271e+00  -5.7796419e+00  -6.7214980e+00
   1.0297087e+00   1.7650448e-02  -7.0653112e-01
  -3.7123902e+00  -3.7888444e+00  -3.3477804e+00
   6.2869507e+00   8.3848252e+00   9.1250994e+00
  -3.3572139e+00  -2.9793967e+00  -3.4752770e+00
   2.9991637e+00   2.9529147e+00   3.2058047e+00
   1.3076229e+00   1.8633047e+00   1.8015305e+00
  -7.5372076e+00  -6.5981225e+00  -8.2103960e+00
   3.3707163e+00   5.5364246e+00   6.1030258e+00
   5.2341395e-01  -2.3479782e-01  -5.5792809e-01
  -1.9799086e+00  -1.3835510e+00  -2.3587535e+00
  -4.7890549e+00  -6.0040359e+00  -6.0732015e+00
  -2.1979672e+00  -1.3204618e+00   7.0649225e-02
  -1.2637189e+00  -1.9362429e+00  -1.9332852e-01
  -2.3154691e+00  -1.4069971e+00   4.8242849e-01
   3.1866318e+00   3.2644031e+00   6.6198074e+00
  -5.9211158e+00  -7.1473537e+00  -4.9689900e+00
   4.8700688e+00   6.7084801e+00   5.9129794e+00
   1.0025450e+00   2.1973523e+00   1.3980725e+00
   6.7869146e+00   8.0402849e+00   6.2562456e+00
  -2.5653895e+00  -3.7255742e+00  -3.4019294e+00
  -3.1159814e+00  -3.8580305e+00  -1.7308061e+00
  -1.3496468e+00  -1.5473540e+00  -2.0860169e+00
  -1.5687904e+00  -1.5214845e+00  -1.1898428e+00
   1.4598485e+00  -5.3926074e-01  -1.4663475e+00
   5.5597099e-01  -1.1793877e-01  -2.2123336e+00
   8.7169722e-01   2.2513248e-01  -1.7857582e+00
  -6.9449004e-01   1.2360051e+00   1.6041551e+00
   4.0081458e-01   1.4234797e-01   1.7556596e+00
  -4.1737468e-01  -1.3005672e+00   8.7266632e-01
   3.3194214e+00   6.8020192e-01   1.0848298e+00
  -1.0271331e+00  -2.7429994e+00  -2.5447155e+00
   5.2411419e-01  -1.7079898e+00  -1.2955338e+00
   3.8877996e+00   2.6727687e+00   2.3521727e+00
   7.6890402e+00   7.8713586e+00   7.6252225e+00
   1.2627051e+00  -6.5938268e-01  -2.1587117e+00
  -4.8607301e+00  -1.8347055e+00  -2.5599746e+00
  -4.5314268e+00  -4.5891194e+00  -3.8546965e+00
   4.6586509e+00   2.8900645e+00   2.0234659e+00
  -1.2330570e+00  -1.1008840e+00  -3.5671736e+00
  -4.7716798e-01  -5.8246971e-01  -7.6191120e-01
   1.3172216e+00  -1.0396857e+00  -2.0349217e+00
  -3.7176538e-01   1.5373134e+00   1.4475841e+00
   5.9341391e-01   1.7164205e+00   6.3079041e-01
  -6.0199113e+00  -6.1730291e+00  -6.2616944e+00
   4.4150320e+00   4.1341994e+00   5.1389033e+00
  -1.9472488e+00  -9.6128465e-01  -1.2983465e+00
   6.1991729e-01   1.9405863e+00   6.7933578e-01
  -1.8825974e+00  -2.7343499e+00  -3.7021654e+00
   1.2184953e-01   7.1515755e-02  -1.7158018e-01
  -5.5633177e+00  -2.9136536e+00  -2.9538778e+00
   6.9349374e+00   5.7544411e+00   6.0306219e+00
   8.2748968e-01   1.0497295e+00   4.4472225e-01
   1.7850426e+00   1.3607374e+00   2.2530376e+00
  -2.8565382e+00  -2.7632026e+00  -1.0475007e-01
  -4.5909300e+00  -5.8854243e+00  -6.8810997e+00
  -7.2805417e-01   2.7327751e-01   7.6073863e-01
   1.1635295e+00   1.5205919e+00   2.9564280e+00
  -1.5983729e-01   1.9174536e+00  -1.8500843e+00
   2.2067852e+00   1.2366436e-01  -1.8372009e+00
  -1.4510346e+00  -2.5295425e+00  -1.5193450e+00
   3.4687190e+00   2.5386239e+00   3.6032554e+00
  -3.7499641e+00  -1.5221378e+00  -3.4539812e-01
  -2.2777776e+00  -1.4034284e+00  -1.7757324e+00
  -5.2959472e+00  -6.6213997e+00  -7.0956819e+00
   2.9513547e+00   4.8500450e+00   1.3657029e+00
   2.9143825e+00   8.6486636e-01  -8.7580193e-01
   8.3029083e-02  -5.7577085e-01  -8.6853825e-01
   1.4035951e+00   1.7535087e+00   5.5214433e+00
   6.3627955e+00   3.6731184e+00   3.2253343e+00
   2.9381496e+00   3.2070620e+00   2.3733351e+00
  -1.5246998e+00  -6.0904941e-01   2.3391709e+00
  -6.8309684e+00  -3.0275480e+00  -1.6086593e+00
   6.2972977e-01  -1.6724714e-01   2.7727825e-01
   5.4789004e-01   2.3553841e-01  -1.1064189e+00
   9.8340360e-01   2.1958057e+00   2.0114462e+00
  -3.6463208e+00  -2.9391256e+00  -3.6262638e+00
   2.8481506e+00   3.7367282e+00   1.8717625e+00
  -4.8812132e-01  -2.7677566e-01   1.4325628e+00
  -6.8333284e-01   1.2690319e+00   1.2124758e+00
   1.1417604e+00   2.7983837e+00   1.0351244e+00
   1.0346186e+00   1.0016923e+00  -3.6274021e-01
  -3.0931236e+00  -2.8263972e+00  -8.1708289e-01
  -2.4707241e+00  -2.4065217e+00  -4.6800436e+00
  -8.7005435e+00  -7.0507023e+00  -5.6185678e+00
   3.3909255e+00   4.0318827e+00   1.3133643e+00
  -3.4945954e-01   8.2730790e-01   6.0150945e-01
   5.7870541e+00   6.9481891e+00   5.9334513e+00
   5.2493865e-01   2.4987603e-01  -1.5015863e+00
   1.4461395e+00   5.0491896e+00   2.6480006e+00
   2.2207021e-01   4.4716654e-01   4.9853191e-01
  -3.7981548e+00  -4.0672394e+00  -4.3878164e+00
  -1.9996827e+00  -4.1455472e+00  -3.2531447e+00
   6.3642052e+00   5.8042339e+00   4.6417925e+00
   1.8188008e+00  -1.7235831e+00  -2.0302420e+00
  -2.3036234e+00  -1.8100525e+00  -7.3204473e-01
  -3.3595282e+00  -4.7477912e+00  -4.2677130e+00
   2.3993095e+00   2.0213984e+00   8.1847080e-01
  -3.2662455e+00  -2.5848133e+00  -3.3172560e+00
  -3.3976158e+00  -1.5434548e+00   3.5809724e-01
   3.5448095e-01   1.6756995e+00   6.1473498e-01
   5.7562003e+00   6.4279126e+00   3.3212133e+00
   8.4619923e-01   2.8278798e+00   3.4170146e+00
   2.4681116e-01   8.7738983e-01   1.0142515e+00
  -1.6382023e-01   1.0305304e-01  -1.0807743e+00
  -1.9917621e+00  -1.0938748e+00  -3.2376738e+00
   3.0011783e-01  -5.9804510e-01   2.3619285e+00
  -4.4675298e+00  -4.4787721e+00  -2.1796278e+00
   2.4307637e+00   3.6212873e+00   5.2046155e+00
  -3.2604093e+00  -2.9225868e+00  -4.1180431e+00
   4.9666694e+00   3.2686175e+00   2.9911798e+00
   1.7191624e+00   1.7281411e+00   1.3599248e+00
  -2.6148901e-01  -8.9745205e-01  -6.8498440e-01
  -3.1812055e+00  -2.3198995e+00  -1.3501910e+00
   1.9620090e+00   2.0902745e+00   1.6396448e+00
  -2.9606312e-01  -8.0540896e-01  -1.2555949e+00
  -4.2332451e+00  -5.5986682e+00  -4.7242094e+00
   1.8180850e+00  -2.3888910e-01  -5.9172548e-01
  -1.4879088e+00  -7.1166189e-01  -4.7191136e-01
   6.5803655e+00   5.7049858e+00   4.7431854e+00
   7.1093115e+00   7.6696268e+00   6.8207723e+00
   4.2773931e+00   1.5031699e+00   4.5519236e+00
  -7.7654898e-01  -9.4007313e-01  -2.0044840e+00
   3.8677175e+00   1.6337776e+00   2.4623807e+00
  -2.7787867e+00  -4.1813219e+00  -4.9287934e+00
  -2.3321453e+00  -3.7581105e+00  -2.7048936e+00
   1.3982354e-01  -8.3005343e-01  -3.8752396e+00
  -7.0481634e-01   5.9076206e-01   3.1179512e+00
   6.6378927e+00   5.3060638e+00   4.5929279e+00
  -5.0405587e+00  -5.1537737e+00  -6.6854282e+00
   1.1410687e+00   2.2390198e+00   2.0470416e+00
  -5.2759206e+00  -4.9930216e+00  -4.8146497e+00
  -3.4557559e+00  -2.6898663e+00  -1.2260902e+00
   6.4011312e+00   4.3158975e+00   4.0603570e+00
   2.5635360e+00   3.7917378e+00   2.9598486e+00
   5.1884537e-01   1.6448504e+00   2.6085799e+00
   4.9407249e+00   3.0435612e+00   9.9858373e-01
   1.8762181e+00   7.2969107e-01  -6.0587599e-02
  -7.9502919e+00  -6.2084488e+00  -5.7463482e+00
  -6.1155944e+00  -4.0682411e+00  -2.6113727e+00
  -2.8421391e+00  -3.0190896e+00  -3.0161347e+00
   9.6513032e-01   1.2057769e+00   1.1824857e+00
   3.5669763e+00   2.3144489e+00   1.8461380e+00
  -1.7740762e+00  -2.6031476e-01   1.8188095e+00
  -1.9312533e-01  -7.6599288e-02   7.8884372e-01
  -3.5838291e+00  -2.3342610e+00  -3.9159382e+00
  -3.0882638e+00  -2.9124551e+00  -3.8120181e+00
   4.3059324e+00   3.1883121e+00   1.2744676e+00
   9.3496134e-01   1.9999493e+00   4.3487595e+00
   3.2311231e+00   3.7077102e+00   2.7257054e+00
   8.8898088e+00   7.9779367e+00   5.5669009e+00
   5.5055159e-01   1.7076650e+00   2.9401899e+00
   6.0091739e+00   6.3666232e+00   4.5927116e+00
  -3.4445499e-01   1.4915328e+00   1.5054094e+00
   3.0586737e+00   3.3304654e+00   2.6625242e+00
  -1.0372847e+00  -2.0670689e+00  -6.5835073e-01
  -3.5898133e+00  -2.7728790e+00  -3.4967983e+00
  -6.5878472e+00  -5.4091273e+00  -4.7928516e+00
   1.8944013e+00   1.3967331e+00   2.0214440e+00
  -2.1139500e+00  -2.5945463e+00  -6.9855777e-01
  -4.0357777e+00  -2.4388613e+00  -3.1966030e+00
   1.1350978e+00   1.8781430e+00   1.8671843e+00
  -1.9700804e+00  -3.2430171e+00  -5.0039582e+00
  -3.8013949e+00  -1.9886069e+00   5.3573411e-01
   2.7301855e+00   2.5730235e+00   4.3932950e+00
   9.3014197e-01   1.7994751e+00   5.5611066e-01
  -6.0990482e-01  -2.2363533e+00  -6.5698656e-01
   1.3677655e+00  -1.1229662e-01   2.7945782e-02
  -1.6309261e+00  -6.4140457e-03   2.5028797e-01
  -2.2099756e+00  -1.6432146e+00  -4.7413197e-01
   1.1820581e+00   2.8305016e+00   2.9534417e+00
  -8.9843017e-01   1.4498005e-01   1.4181477e-01
   1.6480224e+00   2.5340618e-01  -1.1055583e+00
  -4.2178306e+00  -3.2618439e+00  -4.2426346e+00
   9.9114747e-01   2.9132534e+00   2.6351956e+00
  -4.6885713e+00  -4.6583110e+00  -1.9480216e+00
   3.3510195e+00   4.2775434e+00   3.7105625e+00
  -4.5719207e+00  -3.6446891e+00  -2.7069432e-01
   2.5567781e+00   2.7783987e+00   2.3084457e+00
  -2.6420792e+00   3.0695698e-01   3.5990480e-02
  -3.3309763e+00  -5.7596196e+00  -4.0666858e+00
  -3.4684876e+00  -4.5391826e+00  -3.7732173e+00
   5.8231005e-01  -7.5032332e-01  -1.9887079e+00
  -1.0707940e+00  -9.8277986e-01  -2.0815497e+00
