   4.8284528e+00  -2.7263547e+00
  -8.4371374e+00  -1.5640212e+00
  -4.1218529e+00   3.5350639e-01
   2.0929217e+00  -4.6285915e+00
  -6.1637848e+00  -2.7659891e+00
   5.4835236e+00  -3.1049898e+00
   4.4545355e-01  -3.9836675e+00
   3.0302274e+00  -3.0026900e+00
   1.0454925e-01  -3.2626825e+00
   6.1132520e+00  -1.5860032e+00
  -1.3460503e+00  -1.1649436e+00
  -8.5012144e-01  -2.1145191e+00
   8.5483817e-01  -6.0254039e+00
   2.7003028e+00   5.6589841e+00
   4.3082387e+00  -5.2098294e+00
   3.4044585e+00   3.8053657e+00
  -3.0849759e+00   4.1442051e+00
   1.7501151e+00  -1.5134397e+00
  -1.3978879e-01  -3.8338743e+00
  -5.8798567e-01   4.4233490e+00
   3.0513002e+00   1.8005288e+00
   4.8090060e-02  -3.4197391e+00
   1.4429086e+00   2.7019039e-01
   2.7434580e+00  -5.2455905e+00
   1.1725723e+00   5.9605919e+00
  -4.4893019e+00   2.0991271e+00
   2.6077477e+00  -4.3900063e+00
  -1.6393765e+00   5.1085638e+00
  -7.7515236e-01  -5.4914302e+00
   1.7223590e+00  -3.6498844e+00
  -3.4449995e+00   1.7856612e+00
  -3.0117525e+00   2.7568282e+00
   1.3653957e+00   4.7007696e-01
   8.2350609e-01   6.7064309e+00
  -3.3136289e+00  -1.2021190e+00
   3.5417518e+00  -1.9262212e+00
   1.0543469e+00   1.2772450e+00
   2.7342192e+00  -3.9329421e+00
   9.7971112e-01  -1.0065209e+00
   1.4362704e+00   1.4571149e+00
   2.1356876e-01  -1.3558136e+00
  -2.6184589e+00   3.0453716e-02
   2.5835111e+00  -2.1909645e+00
   6.2705323e+00   4.0621695e+00
  -2.1403465e-01  -3.0663816e-01
   2.5319348e+00   5.3306667e+00
  -3.8213479e+00  -2.4536198e+00
  -8.5058658e-02  -1.6905194e+00
   2.1644450e+00  -7.1747454e-01
  -1.0780765e-01   1.9292368e+00
  -1.1102888e-01  -1.2561806e+00
  -2.8805034e+00  -3.0624324e+00
  -4.3661067e+00  -4.3267912e+00
   2.1865199e+00   9.6449256e-01
  -1.9526023e+00  -3.9673016e+00
  -6.0039028e+00   2.6909096e+00
  -1.0079642e+00   2.9142535e+00
   6.2278249e-01   2.6493024e+00
   5.3542326e+00   1.6936669e+00
   9.4226197e-01  -9.9486028e-01
  -3.4150764e+00   2.2479078e+00
  -1.5321032e+00  -7.4457999e-01
  -7.1911457e+00   1.4007925e+00
  -2.1768344e-01   4.2938865e+00
   3.2665858e+00   2.1051757e+00
   3.8866585e+00   5.3765120e+00
  -2.4069390e+00  -2.2605536e+00
  -1.4183389e+00  -5.2146542e+00
   3.4810239e+00  -9.0376065e-01
   2.6171114e+00   3.6390071e+00
   1.0506750e+00   4.3192698e+00
   3.1352912e+00   2.8284303e+00
   1.3442816e+00  -4.2773115e+00
   8.9927330e-01  -6.1232001e+00
   4.5083551e+00   5.7861618e-01
  -4.9651640e+00   2.7866172e+00
  -6.5907122e+00  -1.9651438e+00
   2.1185516e+00   4.4849397e+00
   7.8949962e-01  -5.2544511e-01
  -7.9302685e-01  -4.0125413e+00
   8.7170452e-01   8.8711351e-01
  -4.7566415e+00  -3.3232112e+00
   2.2025788e+00  -1.5484752e+00
  -1.1206049e+00  -2.4355911e+00
   3.9324067e+00   5.5464408e-01
   1.6563643e+00   2.9393708e+00
   1.2603985e+00  -4.9501427e-01
  -2.8765710e+00   9.9498095e-01
  -1.4607423e+00  -3.4058964e+00
  -5.1991313e+00   1.0953941e+00
  -3.6007791e+00   1.9235390e+00
   2.0080674e+00   2.4604016e+00
  -3.5862027e+00   8.5965011e-01
   2.6608969e+00  -4.8414468e+00
   4.3415189e+00   4.1968197e+00
   2.9234785e+00  -6.2093495e-01
  -4.6373567e+00   3.1795830e+00
   5.1704012e+00   1.3399136e+00
  -2.1428628e+00  -5.9454375e+00
  -4.8677061e+00   7.6115371e-01
  -2.6246936e+00   5.2775804e+00
   9.3951951e-01  -3.2251246e+00
   1.5895777e+00   6.5894785e-01
   2.0914169e+00   1.3590273e+00
  -7.4705569e-01  -9.0835142e-01
   1.1625106e+00  -3.6559084e+00
  -6.4392151e-01  -4.6465884e-01
   1.3377523e+00   3.3170564e+00
  -4.0978125e-01   1.3841714e+00
  -1.6480259e+00  -1.1173563e+00
  -3.1172608e-01   2.6955272e+00
   1.2290826e+00   1.5018445e+00
   5.5144625e+00   3.1415791e+00
   1.1016955e+00   2.2415545e+00
  -3.8370455e+00  -2.6166013e-01
   4.2175055e-01   9.7973495e-01
   1.2087978e+00   2.3536779e+00
   2.1967272e+00  -6.2807122e-01
  -2.1253348e+00  -2.5817141e+00
  -2.5798442e+00   2.6255015e+00
   2.4531540e+00  -1.6855589e+00
  -3.4562114e+00  -1.3735980e+00
  -4.8530721e-01   1.1801325e+00
   8.7774511e-01  -6.3432989e+00
   2.9428668e+00   3.7214467e+00
   1.1519374e+00  -4.2213973e-01
  -3.9615182e+00   2.0612906e+00
  -3.7335201e+00  -1.2052374e+00
   1.7952250e+00  -3.7645220e+00
  -1.9720748e+00   7.0753155e-01
   1.1787497e+00  -2.0295180e+00
   2.5136025e+00  -4.2698931e+00
   2.1722799e+00  -8.2580577e-01
   4.2115366e+00   5.3821998e+00
  -4.0626531e+00  -3.1766874e+00
   5.2569468e+00  -2.5831989e+00
  -2.9517989e+00  -2.4912685e+00
  -6.6560254e-02   1.8470422e+00
   5.2653002e-01   2.7057932e+00
   4.9802434e+00  -3.9227517e-01
   1.4542620e+00  -3.6503089e+00
  -2.5619481e-01  -4.3230196e+00
  -5.0342500e+00   4.9215555e+00
  -1.5271306e+00  -4.4622137e+00
   4.0045883e+00  -3.8587873e+00
   6.4778118e-01  -2.6173387e+00
  -4.8461016e+00  -5.8584521e-01
   1.6759539e+00   1.5595274e+00
   2.0188572e+00  -1.8375336e+00
   1.5748166e+00   1.9556879e+00
  -6.8336684e+00   7.6118385e-01
  -4.8292077e-02  -1.9878673e+00
   1.2213891e+00  -4.9299882e+00
  -3.3183906e+00   6.1304680e-01
  -2.3263334e+00   1.3345346e-01
  -2.5676375e+00   1.6251435e+00
  -6.1835363e+00  -2.5806385e+00
  -3.4922530e-01   1.9076447e+00
   3.9503277e+00   4.1227453e+00
  -1.3903254e+00   6.9651550e-01
  -1.2300513e+00   4.3922353e+00
   2.3154569e+00   5.5195930e-01
   5.1798789e+00   4.6691103e+00
   3.7887987e+00  -4.7449273e+00
  -4.4927442e+00   8.4856049e-01
  -6.4578409e+00  -1.2088654e+00
   2.4459358e+00   1.3323850e+00
   2.2299651e-01  -3.9738102e+00
  -3.2992886e+00  -4.0359975e+00
   3.3642355e+00  -1.4917581e+00
   1.2998506e+00  -3.7979030e+00
  -4.4882763e+00  -2.0435024e-01
   3.5455330e+00  -1.7578281e+00
   2.7559516e+00   8.3424327e-01
  -1.0229971e+00  -2.0929428e+00
   6.0779811e+00  -2.8468196e+00
  -4.8187459e+00  -1.0209923e+00
  -6.2544236e-01   7.0375798e-01
   3.7769967e-01   3.5029012e+00
   7.6888463e-01  -6.9765270e-01
  -5.6386800e+00  -1.4343449e+00
  -6.4274889e+00   8.1877734e-01
  -3.8563277e+00  -1.1202051e+00
   3.4805292e-01  -4.4496428e+00
   3.2391723e-01  -2.1692475e+00
   2.6612476e+00   1.9364807e+00
   5.2193229e+00  -6.9633561e+00
  -3.9344697e+00   3.9025757e-01
  -1.4766685e-01   3.0871737e+00
   3.7299613e+00   2.2795787e+00
  -9.5230151e-01   1.1857075e+00
  -2.5182818e+00   2.1197370e+00
  -2.7848305e+00  -1.8151352e+00
   2.0718380e+00  -9.5833660e-01
   3.7938208e+00   7.2791311e-01
  -5.2058471e+00  -1.4508227e+00
   6.8818913e-01   3.3603907e+00
   1.1647407e+00  -1.8410014e+00
   2.0294330e+00  -9.1294629e-01
  -2.1344340e+00   2.7243258e+00
   8.1975706e+00   4.3422354e+00
   2.6605392e-01  -5.2669862e-01
   6.6433273e-01   3.6785871e+00
  -3.8461413e+00  -3.1314137e+00
   5.1313048e-02  -1.1841472e+00
   3.4645094e+00  -3.2580168e-01
   1.0707902e+00  -7.4981286e-01
  -3.4029986e+00  -2.8168660e+00
   1.4181069e-01  -4.4020523e+00
   4.3415486e+00  -8.9434941e-01
  -6.4350086e+00   4.7273360e+00
  -7.3238235e-01   3.3650801e+00
   5.0978618e-01   7.0220753e-01
  -1.9735446e+00   2.9785472e+00
   2.7865697e+00  -5.2257871e-01
  -3.6462628e-01   8.2444969e-01
   4.8780860e+00  -3.3615392e-01
   1.4053827e-01   7.8485584e-01
   3.8149646e+00  -2.5361699e+00
  -2.9198914e+00   2.0433134e+00
   2.6071939e-01  -5.1517943e+00
   1.3726947e+00  -3.4454257e+00
  -3.7900264e+00   1.9205070e+00
  -3.7639984e+00  -4.2650682e-02
  -5.0041696e+00  -1.7247363e-01
   1.2753182e+01  -4.6878966e+00
  -1.0784244e-01  -2.7370164e+00
  -1.3923572e+00   3.5416781e+00
   2.1630872e+00  -3.9573940e-01
  -1.0114678e-01  -7.2514611e+00
   7.0727460e-01  -1.8869557e-01
  -3.8076599e+00   3.2203611e+00
  -7.3073911e-01   4.1549723e+00
  -2.9147172e+00   8.4858256e-02
   4.9851786e-01  -2.1158042e-01
  -1.3818723e+00  -2.2318073e+00
  -2.3011086e+00   2.2290469e+00
  -1.3220182e+00  -3.5286015e+00
   3.1449561e+00  -4.2863689e+00
   1.9488266e+00  -1.6409043e+00
  -1.5614946e+00   2.9414914e+00
   1.3451569e+00  -2.7806994e+00
  -1.2322661e+00   8.3314444e-01
  -7.2284091e-01  -2.5693104e+00
  -1.8090857e+00   5.6115055e+00
  -7.7960869e-01   1.5967527e+00
  -4.6701284e+00  -3.8111351e+00
  -2.6296935e+00   3.4368090e+00
  -3.0243748e+00  -4.2331451e+00
  -3.9359871e+00  -5.0126321e+00
   2.5638681e+00   1.8841686e+00
  -2.8586001e-02  -1.6400885e+00
  -6.0357921e+00  -3.2320438e+00
  -2.5385205e+00   3.4391065e+00
  -2.6190623e+00  -3.9110920e+00
   3.7082267e+00   7.8231951e+00
   1.6796184e+00  -3.7259436e-01
   4.0561537e+00  -1.7910789e+00
  -3.3423974e+00   6.5044770e+00
  -3.6228243e-01   2.4567315e+00
  -3.6372049e+00  -2.2446612e+00
   3.4634071e+00   3.0913502e+00
  -1.3145248e+00  -1.1333495e+00
   2.0908063e+00   2.2439083e+00
   2.1727172e+00   3.3207480e+00
  -1.5083064e+00  -3.2735410e-02
   2.4431847e+00  -7.9663505e-02
  -4.1453346e-01   2.3317965e+00
  -6.9834398e-01  -4.3000946e-01
  -3.7450572e+00   3.0368730e+00
  -5.3167762e+00  -3.3077760e+00
   2.8164386e+00  -6.6813914e-01
  -2.2727105e+00   2.3080650e+00
  -8.3709351e+00   2.4649464e+00
  -1.1287961e+00  -2.6439097e+00
  -2.1620604e+00  -1.0573960e+00
  -1.5155129e+00   8.6177394e-01
  -1.0463265e+00   1.0617102e+00
  -5.6271964e-01   2.8792603e+00
  -6.0118462e+00   2.4667007e+00
   7.0683783e+00  -4.4779257e+00
  -5.5226933e+00  -1.5160920e+00
   2.3556104e-01  -1.0761316e-01
   3.3905288e-01  -1.5155243e+00
  -5.3696864e+00  -3.2136389e+00
  -3.5347477e+00  -1.6257905e+00
  -1.1064980e+00  -3.8793053e+00
  -5.1473646e-01  -4.4943986e+00
   6.3235482e+00  -2.1147595e+00
   2.3105823e+00   2.9431059e+00
   6.1708528e+00  -1.0760475e+00
  -4.4573169e+00   4.2409161e+00
  -5.6520555e-01   4.1786270e-01
  -3.5959077e+00   9.4345441e-01
  -3.8417080e-01   2.8778624e+00
  -2.3595376e+00  -3.5180717e+00
  -5.1406725e-01   3.5374313e+00
  -1.3825967e+00  -1.6103131e-02
   4.1961728e-01  -1.3552553e+00
   1.7453695e+00   1.2878757e-01
   3.1637070e+00   1.6243719e+00
  -1.1086632e+00   2.6775769e-01
   3.5656094e+00  -1.5295370e+00
  -3.4447433e+00   3.7291609e+00
  -1.0144334e+00  -3.4555104e+00
   1.3548767e+00   3.0790281e-01
   4.5542354e+00  -4.3956113e+00
  -1.7327545e+00   7.3076550e-01
  -2.6028136e+00   3.3750998e-01
   3.4800679e+00  -3.9976617e-01
   1.9168837e+00   2.5417440e+00
   1.0922286e+00  -3.0795613e+00
   2.3097022e+00  -5.1694631e+00
   4.9745391e+00   4.2801393e+00
  -8.5156730e-01   1.0425043e+01
  -3.2282325e-01  -1.5296142e+00
  -1.6468731e+00   1.0375096e+00
  -2.7996813e-02   1.7653576e+00
  -2.0921225e+00   2.4514649e+00
  -2.4442175e+00  -2.4737456e+00
  -2.0480687e+00  -1.6187426e+00
  -2.6688260e+00   9.7215911e-01
   5.7397877e+00  -2.3454544e+00
   2.0906521e+00   2.4088907e+00
  -1.3558537e+00   3.8067739e+00
  -2.8337675e+00   4.8827251e+00
  -7.5684061e-01  -3.4599911e+00
   3.3208225e+00   4.4300839e+00
  -3.6677585e+00  -2.2497692e+00
  -2.0716739e+00  -3.0342057e+00
   3.6648653e+00   1.6556633e+00
   1.5968333e+00  -1.2930584e+00
  -5.7924241e+00  -2.3328092e+00
  -4.2925057e+00   1.1382120e+00
  -8.3868761e-01  -2.3376900e+00
  -1.7837016e+00   2.1439574e-02
  -4.3173006e+00   4.3901234e-01
  -3.6161163e-02  -6.4061343e-01
  -8.4366828e-02   2.0722207e-01
   6.9166721e-01   7.3200117e-01
   2.5237122e+00  -1.1240747e+00
  -3.5072786e+00   4.4394134e+00
  -3.0165605e+00  -1.9784023e+00
   3.0762561e+00   4.0118136e+00
   9.3382365e-02  -1.0148238e+00
  -2.1941055e+00  -1.8689688e+00
  -3.4431254e+00   1.5898134e+00
   2.0168048e+00  -1.0052761e+01
  -7.3712499e-01  -2.5005727e+00
   2.4288081e-01   5.0052846e+00
  -2.8597957e+00   1.2875037e+00
   5.3556002e+00   1.7942447e+00
   3.2155663e+00  -3.7016239e+00
   4.0622684e-01  -1.6409813e+00
   1.0481397e+00  -1.4813562e+00
   2.1392135e+00  -2.8802409e+00
   3.7754298e+00  -8.1781928e-02
  -4.6799114e+00  -9.9841297e-01
  -4.7761875e+00  -4.1357793e+00
  -2.0534727e+00  -5.1445363e+00
   2.4660608e-01  -3.3114184e+00
   3.8468373e-01  -4.1007081e+00
  -2.5751977e+00  -2.2472425e+00
  -4.7220646e+00  -4.2686155e+00
   2.3546821e+00  -6.5003983e-01
  -1.2256572e+00  -1.3338069e+00
   1.7329579e-01  -1.4020768e+00
   1.1630392e+00   1.3807023e+00
   4.4589415e+00  -5.2207573e-01
  -6.2169448e+00  -8.4410700e-01
  -2.8898696e-01  -6.1243031e+00
  -1.9060748e-01  -1.5025460e-01
  -1.0373944e+00   6.9695821e+00
  -7.4974694e-02   1.6703416e+00
   3.8944545e+00   2.2212774e+00
  -4.7639808e+00  -4.2904966e+00
  -6.1721726e+00   9.7604744e-01
   1.2365753e+00  -2.3329054e+00
  -6.5341206e+00   1.4986620e+00
  -8.9880556e-01  -4.6470030e+00
  -2.5436058e+00   3.8166056e+00
   6.6028772e+00  -3.9008082e+00
   9.3226441e-01  -1.8143833e+00
  -1.7101960e-01   4.4775232e+00
   1.4286681e+00   1.9379170e+00
  -3.6770783e+00  -3.6804232e+00
  -1.5198194e+00   5.0562311e+00
  -2.5548217e+00  -2.9712642e+00
   1.8596549e+00   1.8035245e+00
  -2.5590926e+00   1.7470673e+00
  -9.4074336e-01   7.5081728e+00
  -4.7245367e+00   3.5086233e+00
   3.9342611e+00  -1.4571916e-01
   3.3209329e+00  -9.5359533e-01
  -5.1072215e+00  -9.1309036e+00
  -1.1664968e+00   3.1487331e+00
  -1.5853607e+00  -4.9398257e+00
   6.9856012e-01  -1.0040220e+00
   1.1554552e+00   2.9416093e+00
  -3.7711965e+00   1.1454226e+00
  -5.4565864e-01   8.5196450e-01
  -1.8860957e+00  -1.8347693e+00
   3.0293829e+00  -2.3547086e+00
  -8.6285570e-01  -6.7029934e-01
  -8.5594695e-01   2.6959345e+00
  -6.4181814e+00  -2.1128407e+00
   2.3934199e+00   4.8559444e-01
  -3.6867461e-02  -1.3017189e+00
  -1.8605240e+00  -2.6696324e+00
   1.4044604e+00  -2.9920242e+00
   2.9633667e+00   3.9218579e-02
   5.1009305e+00   1.4258657e+00
   3.3459695e+00  -4.7901863e+00
  -1.7671430e+00  -2.3525041e+00
   2.8854644e+00   1.9871227e+00
  -5.4104068e-01  -2.1801063e+00
  -5.5395599e+00   1.5278338e+00
  -1.5549811e+00   2.6153047e+00
  -4.3311198e+00  -3.2780503e+00
   6.4740044e+00   2.0913530e+00
   8.5906671e+00  -3.9317225e-01
   2.1329941e+00   1.1164010e+00
  -4.2678135e+00  -3.4399101e+00
   1.3746398e+00   9.8742522e-01
  -3.5819361e+00  -1.6291213e+00
   2.9718083e+00   8.5649973e-01
   1.8831532e+00  -2.4653144e+00
  -3.0139614e+00  -4.6253156e+00
  -3.5912982e+00  -8.1356522e-01
  -2.4203611e+00  -2.5109948e+00
   3.4097038e-01   1.0838610e+00
   3.9652151e+00  -1.4795567e+00
   6.6372540e+00   2.7688650e+00
  -1.1539905e+00   6.7341268e-01
  -2.9650352e+00  -1.4446921e+00
  -1.8464350e+00   4.9410310e-01
   1.2172084e+00   9.1764453e-01
  -2.8379334e-01   2.3301401e+00
  -7.2801129e+00   3.8586894e-02
   3.9502571e-01  -9.5559831e+00
   4.1979246e-01   2.4673240e+00
   4.2274740e+00   2.5175293e+00
  -2.2735944e-01   7.6851032e-01
   9.1289838e+00  -1.8888370e+00
   1.8719992e+00  -9.7271483e-01
   2.6510955e-01  -1.2529184e+00
   2.8722383e-01   1.4129829e+00
   1.1210206e+00  -9.8951713e-01
   2.4406587e+00  -2.7248641e+00
  -2.7553177e+00  -6.0334856e-01
  -3.5880014e-01  -2.3753637e+00
   2.4834248e-01  -8.4318573e-01
   8.6863414e+00  -4.8428132e+00
  -5.2650958e+00   4.7703864e-01
   4.9567396e-01  -2.2429564e+00
   5.9884201e-01   5.8698417e+00
  -4.6361894e+00   3.7690492e+00
   1.3511833e-01   1.7800173e+00
  -4.1785780e+00  -2.5770939e+00
  -1.5959467e+00  -9.9752746e-01
   2.9794249e+00  -1.6525468e+00
  -1.6450729e+00   3.2009368e+00
   3.9205310e-01   4.5482194e+00
   4.2464745e+00   2.1191143e+00
  -2.0360749e-01   2.7445979e+00
   1.9823256e+00   5.6024118e+00
   1.4128900e+00   7.9067354e-01
  -2.1201836e-01  -3.2690199e+00
   1.7195076e+00  -1.0932099e+00
   1.3975751e+00   5.0607476e-01
  -1.0654718e+00  -6.0264645e+00
  -3.6378215e-01  -5.5401980e-01
  -4.3917517e+00   1.8410888e+00
   1.3942693e+00  -4.1806815e-02
  -7.9090606e+00  -7.4358659e-01
   1.3049997e+00  -9.5416823e-01
  -2.5005217e+00   3.7002368e+00
   3.8406328e-02   1.6505793e+00
  -3.0608945e-01  -5.6019553e-01
   3.5063024e+00  -2.6231125e+00
   5.2666538e-01   8.2681452e+00
   1.4797617e+00  -2.9010970e+00
  -3.6190270e-01   1.7654517e+00
  -1.5112895e+00   7.8123959e-01
   6.0347948e-01  -8.9539564e-01
   5.5003255e+00   1.5609767e+00
   5.5126774e+00  -4.8562131e+00
   5.4807619e-01  -3.8721669e-01
   2.1267240e-01  -1.2701031e+00
   6.3542053e-01   9.9705292e-01
  -5.6950838e+00   3.6538182e+00
  -3.9961447e+00   3.2053680e+00
   7.0136314e-01  -1.9291789e+00
   3.4461164e-01   3.3282071e+00
   2.0186437e+00  -4.5667240e+00
  -4.1257423e+00  -1.2693042e+00
  -5.5929461e+00   9.8311793e-01
   1.6152988e+00  -5.1867061e+00
  -1.7026581e+00  -6.2129243e+00
  -6.7884231e-01  -5.9642322e+00
  -4.8065965e+00  -4.3825514e+00
  -8.2602700e-01  -1.5304526e+00
  -2.8616875e+00   5.4279466e+00
   6.2255979e+00   4.6817820e-01
   2.0347126e+00  -2.5751305e+00
  -2.3791976e-01   1.9107236e+00
  -4.7104177e+00   9.4041785e-01
   2.4350454e+00   3.6288333e+00
   3.0685845e+00  -2.6051641e+00
   6.1610867e+00  -3.4394262e+00
   5.0767330e+00   2.3913095e+00
  -5.3447682e+00  -8.4163436e+00
  -2.4466801e+00   4.4181985e-01
   3.5173926e+00  -4.4355671e+00
  -4.5653479e-01  -4.9997650e+00
   4.8489083e+00   3.7735499e+00
  -2.4490681e+00   3.0032719e+00
  -1.2687112e+00  -3.2733993e+00
   1.2360665e+00  -4.8973981e+00
   8.2290092e-01  -5.0589301e+00
   7.0299490e-01   1.7326648e+00
  -2.4037214e+00  -5.8485119e+00
  -5.0596191e+00  -4.4892521e+00
  -1.7061891e+00   1.0882035e+00
   4.4963596e+00  -3.5519577e-01
   1.1097714e+00   2.1222228e+00
   1.0285440e+00  -2.4410444e+00
  -3.3346406e+00   4.0307103e-01
   1.2286595e-01  -3.0037427e-01
  -2.3541616e+00   5.5035176e+00
  -4.1831585e+00  -1.4079932e+00
   2.5975676e+00  -2.7107102e+00
   4.1202637e+00   4.9125754e-01
  -4.3015834e+00  -2.3003387e-01
   8.0936371e-01  -3.8524329e+00
  -5.8061959e+00  -6.0665052e-01
   2.2820945e+00   1.5875264e-02
   2.0651571e-01   4.3351429e+00
   4.1014538e-01  -4.0019663e+00
   1.1735127e+00  -3.9147757e+00
   1.4864599e+00  -6.4472506e+00
   2.7487177e+00   2.9240832e+00
   1.2028101e+00   2.0755649e+00
  -7.0719054e+00  -4.5538488e+00
  -1.9253213e+00  -3.1390460e+00
  -2.2747204e+00  -1.8656339e+00
   2.2638259e-01  -2.1726307e+00
   4.4136477e+00   1.4122100e+00
   4.4912902e-01   3.4517971e-01
   1.7117590e+00   2.6898284e-01
  -5.6097859e+00   3.1064524e+00
   2.5875598e+00  -3.7326755e+00
  -3.6219107e+00   1.6392055e+00
   2.2042274e+00   6.0029394e+00
   3.1310532e+00   1.3485237e+00
  -2.2257168e-01   2.8972567e+00
   6.7678895e+00   3.3843075e+00
   2.2454515e-01   4.3784752e+00
  -2.4550157e+00  -3.6581339e+00
  -1.8461700e+00  -4.7472094e-01
  -4.9557137e+00  -2.6302527e+00
  -1.4255298e+00  -1.9621250e+00
   3.6260438e+00  -5.6960393e+00
  -3.4812325e+00   1.5653261e+00
   1.6259311e+00   5.0799318e-01
  -4.7193835e+00   1.0106919e+01
  -1.4042332e+00   1.9249671e+00
  -1.5917553e+00   5.8409702e-03
   1.0807370e+00  -7.0888203e+00
   3.7835789e-01   1.8679206e+00
   1.3748776e-01  -4.6065291e+00
  -6.6605410e+00   4.3902311e-01
   4.8513148e+00   2.1682552e+00
  -4.4433729e+00   5.6328002e+00
   2.0179977e+00   8.3383871e-01
   5.8775595e+00  -4.8076146e+00
  -2.9807359e+00  -1.9703260e+00
   2.1587043e+00   4.1267997e+00
   2.8490413e+00   3.1780677e-01
   3.3851629e+00   8.8659910e-01
   1.9027787e+00   1.9899467e+00
   2.7810992e+00  -3.1218039e+00
   4.2782927e+00  -1.8538573e+00
  -8.7274726e-01  -1.9177341e+00
  -5.9013374e+00   4.4078650e+00
  -1.5870378e+00  -1.9427701e-01
   2.5067581e-01  -3.1366852e+00
   4.3947069e+00  -9.7950021e-01
   3.3505672e-01   2.8963948e+00
   5.9045486e+00   1.0832446e+00
  -4.9817251e+00   3.6233197e+00
   1.8504795e+00  -1.1969593e+00
   3.7682404e+00  -7.5011999e+00
   6.2212916e+00  -2.7334556e+00
  -4.7822082e+00   2.5766580e-01
  -2.0037781e+00  -1.7964982e+00
  -3.3435199e+00   3.4744374e+00
   4.6494232e+00  -4.9250182e+00
  -1.7598771e+00   7.4321914e-01
   3.9854926e+00  -7.8587706e-01
  -3.7851969e+00  -8.4492628e+00
   1.7156793e+00   6.0782047e+00
  -3.6571368e+00  -3.3122338e+00
   1.1741832e+00   1.0196799e+00
  -1.9388203e+00   2.4825032e+00
  -6.7696594e+00  -1.6610074e+00
  -5.8592287e-01   3.3641338e+00
  -2.1844686e+00   2.3787255e+00
   5.6853638e-01  -2.9348766e+00
  -2.4033832e+00   2.5041635e+00
   1.4859724e+00  -7.7075378e-01
  -1.7289823e+00  -5.8007178e+00
  -4.4480591e+00   1.8897093e+00
   4.3179544e+00   5.8864127e+00
  -9.3875146e+00   1.5648184e+00
   2.9211378e-01  -1.3074441e+00
  -5.9054973e+00  -3.5978206e+00
  -2.6793200e+00   2.0683530e-01
   1.6558736e+00  -2.3026717e+00
   1.3658752e+00  -3.0924034e+00
   1.2828313e+00  -1.9042067e+00
   2.3348698e-01  -5.3531740e+00
   4.9263551e+00  -6.1539686e-01
   9.6474268e-01   8.2108335e-01
   7.9867968e-02   5.8960391e-01
  -8.1142685e-01   8.2667333e-01
   4.3317427e-01  -3.2039310e+00
  -1.1072636e-01  -3.7938604e+00
   4.2495109e-01  -4.0152136e+00
   4.3624654e+00  -1.0252940e+00
   2.6370008e+00  -2.3209948e+00
  -1.1245739e+01   4.1156457e-01
   1.1760191e+00   7.5776497e+00
  -3.9928703e+00  -3.0847675e+00
   9.2751633e-01   8.6991432e-01
   1.3869306e+00  -4.8735668e+00
   3.1640769e+00  -1.4662689e+00
   5.0068917e-01   1.6744431e+00
  -3.8554119e+00  -6.6733883e+00
   1.9232910e+00   3.2022390e+00
   3.3435705e+00   3.6652444e+00
   4.2427094e+00   1.4951295e+00
  -5.9999240e-01  -2.4817304e+00
   3.7390430e-02   4.1949745e+00
   1.3332874e+00   4.1533455e-01
   2.9901481e+00  -1.9206101e+00
   3.3959410e+00  -4.1955807e+00
   3.8717620e+00  -9.8761896e-01
  -3.8169242e+00   8.0364916e-01
   3.2481916e+00   3.0947626e+00
   1.0802155e+00  -1.9917224e+00
   2.0158792e+00   1.3388832e+00
  -7.9313762e+00  -3.3430670e+00
   1.7835363e+00  -3.7453713e+00
   7.8967064e-01   3.6500097e+00
  -6.8377491e-01  -4.5787407e+00
  -1.6257686e+00   2.8152322e+00
  -4.9705196e-01   3.8569038e+00
   9.6819538e-01  -1.4704552e+00
  -2.7190749e+00  -1.8682529e+00
  -4.2267442e+00  -4.1828353e+00
   4.3121078e+00  -2.0439674e+00
  -2.4223020e+00   2.4248854e+00
  -2.1077038e+00   2.6076709e+00
  -3.7512930e+00  -4.6001862e-01
   2.2669148e-02  -4.5062097e+00
  -8.6352134e-01  -1.3480006e+00
   4.9205686e+00  -1.5248939e+00
  -1.2876115e+00  -2.1731065e+00
  -2.3330916e+00  -1.7258260e+00
  -5.9798464e+00   5.7737879e+00
  -4.5343507e-01   5.3252861e-01
   2.0437551e+00  -1.5839227e+00
   2.0799668e+00   6.3598671e+00
  -2.4556808e-01   6.9744970e-01
  -1.3481421e+00   6.6382384e+00
   8.5901432e-01   3.8700139e+00
   7.9556202e-01  -7.5714025e+00
  -2.9768536e+00  -5.4207173e+00
  -1.9354958e+00  -5.7091745e+00
   1.0241113e+00  -3.2455324e+00
  -1.9913024e+00   5.5530916e-01
  -1.3475336e+00   8.7585001e-01
  -1.0070286e+00   3.4784075e+00
   4.8130713e-01  -2.2636680e+00
   1.6999438e+00   3.3099694e+00
   5.3251483e-01   4.9000938e-01
   4.5140244e+00  -3.0009497e-01
   3.5629724e+00   7.8465824e-01
   4.5994650e+00   3.4844614e+00
  -1.9173476e+00  -1.0386784e+00
   4.9488730e+00  -2.5552389e+00
   3.9625228e+00  -1.1926776e+00
  -3.1863950e+00   4.5474770e+00
  -2.9453408e+00   2.2561492e+00
  -1.0628906e-01  -3.3909000e+00
  -3.9948780e+00   1.2836512e+00
   2.9087480e+00  -2.9222601e+00
  -2.1778956e+00   4.8818084e+00
  -5.3889320e+00  -6.3088993e+00
  -9.6448760e-01  -5.1106912e+00
   1.9258173e-01   2.5918214e+00
  -5.5707053e+00  -1.6933343e+00
   3.9398913e-01   1.2501313e+00
   1.2722851e+00  -1.6989622e+00
  -3.5198190e+00   4.8723707e-01
  -3.8043559e-01  -6.5870680e+00
  -1.1977782e-02  -2.3974763e+00
   9.4025504e-01   2.2609581e-01
   5.1917726e+00  -4.6640012e+00
   2.1655607e+00  -6.8797474e-01
  -1.8913038e-01  -8.9587168e-01
  -3.4331771e+00  -1.9895343e+00
  -2.1354505e+00   1.4312101e-01
   1.2207224e+00   7.4885456e-03
   2.2013974e+00  -2.5548962e+00
   3.9123105e+00  -1.6404412e-01
  -1.2304471e+00   3.2526906e+00
   5.9370163e-01   2.8851601e+00
   3.0090775e+00  -3.7625470e+00
   3.3390026e+00   4.3577628e+00
   2.4858944e+00   1.6783949e+00
   3.2089100e+00   5.4660361e+00
  -8.6089920e-01  -8.4667294e-01
   2.1266102e+00   1.7598894e+00
   7.8681404e-01   6.9877183e+00
  -2.5220466e+00  -6.8292785e-01
  -9.0801751e-01   1.1075041e+00
   3.0337405e+00   5.2784266e+00
  -4.9256376e+00   2.5998322e+00
  -1.5935685e+00   5.6327473e-01
   5.2185825e-01   6.4320715e+00
  -2.8969215e+00   2.3591392e+00
  -1.1696452e+00  -6.7595451e+00
   1.7327938e-02  -5.1242338e-01
  -2.3690230e+00  -2.3871912e+00
   2.5494801e+00  -3.3056104e+00
   1.0912280e+00  -2.1146665e+00
  -5.3933397e+00  -1.2291813e+00
   3.8138891e+00   3.8776530e+00
   4.9876050e+00  -4.8653094e+00
   3.2703242e+00  -2.9442202e+00
   9.8057081e-01  -7.0097815e+00
   1.0416334e+01   4.9603414e+00
  -1.5906722e+00  -5.3112213e+00
   1.9894363e+00  -2.5328807e+00
   1.5876135e+00   5.8121862e+00
   3.0561023e+00   6.5182889e-01
   2.5819823e+00   5.5010292e+00
   1.8180866e+00  -4.3756419e-02
  -2.2939725e+00  -1.0432511e+00
   9.4794155e-01  -1.5875215e+00
  -1.9073599e+00  -5.6067199e+00
   3.0508175e+00  -2.9874503e-01
  -3.9792241e+00   5.0492998e+00
  -1.4630967e+00   3.0797999e+00
  -2.1235723e+00   2.2485551e+00
  -1.2615627e+00  -4.4608684e+00
  -7.5489495e-01   3.9297508e+00
  -3.9683107e-01   4.2154445e+00
  -5.5826190e-01   3.8221488e+00
   4.7366404e+00  -2.9956984e+00
   1.1596053e+00   2.7810291e+00
   3.8180076e+00   5.8358757e+00
  -1.6362496e+00   5.7719007e+00
   8.3724578e-01   9.2943626e-01
  -4.8164650e-01  -7.4679678e-01
   2.8805701e+00  -3.9812433e+00
   2.3381540e+00   3.8138610e-01
   1.9833793e+00  -4.5553426e-01
  -2.0608396e+00   1.5047090e+00
  -5.5386503e+00  -1.1413325e+00
  -2.1098092e+00   4.8557831e-01
   3.0954584e+00   2.8749997e+00
   6.3062371e+00   2.4261164e+00
  -3.1731496e+00   5.4603857e+00
   2.1022922e+00   2.7729256e+00
   6.2835049e+00   2.2639202e+00
  -7.2298934e+00   2.7626698e-01
   1.2745333e+00  -2.3500128e+00
   4.9357187e-01   7.6387508e-01
  -4.6372679e+00  -5.7005714e+00
   2.4758881e+00  -2.5000969e+00
   1.1401158e+00   3.0145818e+00
  -5.3561254e-01  -1.9229207e+00
  -8.8424919e-01   2.8178555e+00
  -2.6818142e+00   2.3190104e+00
  -1.7347467e+00   1.2637387e+00
   2.9200455e+00  -1.0087691e+00
  -9.5347127e-02   2.2977831e+00
  -9.7088716e-01   4.4842215e-01
  -2.2110297e+00  -7.4751921e-01
   8.0412921e-01   3.9238241e+00
   4.7846636e+00   4.1588984e+00
  -1.6609792e+00   8.4023295e+00
  -3.3816197e+00   3.2700569e+00
   7.6027665e-01   8.2708666e-01
   2.6167172e-01  -8.0099269e+00
  -1.6554509e+00  -3.5941770e+00
  -5.2295635e+00  -2.8964674e+00
  -6.6719530e-01  -2.3010215e+00
   7.4573429e-01   2.4068801e+00
  -4.3855513e+00   9.9095684e-01
   2.4984316e-01   1.4920059e+00
   4.1988648e+00   4.2721627e-01
   1.4854187e+00  -4.1934171e-01
   2.3622128e+00   1.2900551e+00
   3.1328387e+00  -8.6265143e-01
   2.8441778e+00  -6.4032136e+00
   2.9126185e+00  -3.0523781e+00
  -3.8790865e+00   4.0058630e+00
   2.5849142e+00  -5.2795891e+00
   6.4989794e+00   5.1799281e+00
   3.2477268e+00  -1.0462502e+00
  -1.6831523e+00  -2.0315586e+00
   2.9380858e+00   7.1507507e-01
  -3.0207302e+00  -1.1948888e+00
   5.0507448e+00   3.7644223e+00
  -5.9419211e+00  -3.7301540e+00
   9.8493079e-01  -6.6131307e+00
  -2.8035424e+00   2.3698499e+00
   1.6935187e+00  -3.1358464e+00
  -5.5611227e-01   4.5124523e+00
  -9.3170323e-01   1.1824936e+00
  -4.5786808e+00  -8.9905483e-01
  -8.0577060e-01   1.5136968e+00
   4.0213533e+00   1.6075016e-01
   2.3816994e+00   1.3026271e+00
  -8.1454859e-01   1.1252169e+00
  -7.0342735e-01   8.1386680e-01
   1.9736798e+00  -3.3623109e+00
   2.6107680e+00   1.6522256e+00
   2.8776390e+00  -6.8572223e-01
  -1.0141122e+00  -3.3394831e+00
  -5.6410021e+00   3.6717501e+00
   4.1108430e+00   6.2780713e+00
  -1.7614536e-01   4.1347064e+00
   3.1150827e+00   1.4889246e+00
   3.8086583e+00  -9.9864034e-01
   2.0593741e+00   7.7000441e-01
  -2.0926947e+00   2.3440328e-01
  -2.1237774e+00   1.3751040e+00
   2.0629644e+00  -8.1362878e-01
   1.7958135e+00  -2.9946375e+00
  -3.3175853e+00   8.5829168e-01
  -3.6815364e+00  -2.6926465e+00
  -4.4465340e+00  -1.4864087e+00
  -8.1214361e+00   3.3478594e+00
  -2.1942917e+00  -1.7216177e+00
  -6.2934851e+00   9.6487393e-01
   2.2002502e+00  -7.4332125e-01
  -1.3138003e+00  -2.1601373e+00
  -7.2858593e-01   3.8277495e-02
  -5.3708247e+00  -4.6763291e-01
   3.4147916e+00  -2.2390479e+00
   4.3890840e+00  -1.8921023e+00
   4.5386084e+00   4.4991207e+00
  -3.3562657e+00   2.1423849e+00
  -2.3018014e+00   2.0877469e+00
   2.5469097e+00  -1.2090437e+00
  -7.9664758e-01  -8.1852073e-01
   2.5096586e+00  -5.2000816e+00
   1.8351952e+00   1.4157414e+00
  -3.3307292e+00  -3.4864812e+00
   3.1761582e+00   3.5351350e+00
   4.1317277e-01   5.5060476e-01
  -2.3558304e+00  -6.0309191e-01
   2.2388970e+00  -5.2497084e-02
  -3.2992429e+00   8.3258631e-01
   4.7943587e-01  -2.5797176e+00
  -2.2898886e+00  -1.4427305e+00
   2.6182085e+00   3.0343832e+00
   1.2319049e+00  -6.8973647e+00
  -3.9611008e+00   2.7133438e+00
  -3.7622761e+00   3.3356590e+00
   2.3942191e+00   1.4385523e+00
   8.5734216e+00   2.3436206e+00
   6.0504086e-01   1.4257492e+00
   3.1858500e+00   3.1817344e+00
   6.7094573e+00  -7.6271245e-02
  -1.4194934e+00  -3.3091231e+00
  -4.1928068e-03  -1.0433327e+00
  -6.2388885e-01   3.4376046e+00
   2.2532093e+00   1.6994589e+00
   6.4623423e+00  -1.8654864e+00
   1.9406630e+00   4.3587998e+00
  -1.4796588e+00   3.7825195e-01
  -8.0985673e-01  -4.7220614e+00
   2.5482860e+00   1.3740795e+00
   2.9346587e+00   3.7522099e+00
  -1.1498308e+00   4.8462744e+00
  -1.6024738e+00  -3.5488835e-01
  -1.8104558e+00  -2.5010261e+00
   5.2758474e-01  -4.3282957e+00
   1.5519337e+00   9.3527394e-01
   5.1922061e+00   1.8055499e+00
  -4.8256298e-01   2.4690849e+00
  -5.7735975e-01  -1.2246017e+00
   5.7759110e+00  -1.0593336e+00
  -3.9282215e+00  -1.7309680e+00
  -3.4280189e-01   4.5091363e-01
  -4.5121209e+00  -1.4428359e+00
  -1.9337993e+00   2.1212310e+00
  -4.2508410e+00  -3.4114361e-01
   2.4997586e+00  -2.3033316e+00
  -4.7308533e+00   8.1483931e-01
  -1.1561853e+00   2.1662131e+00
  -2.9892084e+00   2.2831127e+00
  -3.5150684e+00   4.7910076e+00
   5.7458125e+00   3.1259329e+00
  -3.8488232e+00  -8.7010650e-01
  -8.2854119e-01   8.5308148e-01
  -1.6130252e+00   1.8230416e+00
   1.5874732e+00  -3.7590362e+00
  -3.5982336e+00   3.1337370e+00
  -8.9114330e-01  -1.9693533e+00
   4.8372020e+00   5.0300442e+00
  -2.3433652e+00   5.2688495e+00
   3.1284271e+00  -1.1418783e+00
  -1.0088606e+00  -3.8983646e+00
   1.0496474e+00  -1.9224775e+00
   1.3802745e+00  -1.2176599e+00
  -6.3077872e+00   2.1203518e+00
   5.5029445e-01   7.7790341e-01
  -5.6308931e-01   1.8938173e+00
  -4.2550020e+00   4.8310968e+00
   1.0425394e+00  -1.8713720e-01
   3.3536859e+00  -3.0666192e-01
  -3.2390479e+00  -1.5950424e+00
   3.2915849e+00  -1.9381646e+00
  -2.2544802e+00   1.2406362e+00
  -3.9869712e+00   1.9878360e+00
   2.3186817e+00  -1.1540421e+00
   1.7948675e+00  -4.4558941e-01
   3.2769884e+00  -1.0446967e+00
  -4.6034869e-01   2.8480483e-03
  -1.1412973e+00  -2.1194498e+00
   3.2950520e+00  -8.8875180e-01
  -3.6516756e+00   3.4286759e+00
  -2.8747687e+00  -8.6354420e+00
  -4.9480865e-01  -1.3026881e+00
  -1.1735563e+00  -4.8598906e+00
  -2.1202208e-01   1.6810263e+00
  -3.6402149e+00   3.3696351e+00
  -5.5005989e-02   3.7573588e+00
   3.7933707e+00   1.1684133e+00
  -2.8719658e+00   2.8052478e+00
  -4.9204228e+00   4.3356208e-01
  -2.0844697e+00   4.0573938e+00
   1.9325045e-01  -8.0876060e+00
   2.8977641e-01  -5.7132430e+00
   3.1111860e+00  -1.8400671e+00
   1.0556701e+00   1.4642546e+00
   1.3572153e+00   3.2787859e+00
   3.0799609e+00   4.3072418e+00
  -1.3636510e-01  -5.8025266e+00
  -2.8063840e+00   3.9328361e+00
  -2.3433105e+00   5.8686802e+00
   3.1149628e-01   1.3911583e-01
   7.7176224e-01  -4.3630809e+00
   1.6845546e+00   9.5670738e+00
  -2.0718437e+00  -2.6948539e+00
  -2.5650926e+00   1.7837122e+00
  -1.7851739e+00  -1.1306559e+00
   1.0318057e+00   4.2193947e-01
   6.7964200e-01   5.9028282e+00
   2.6676220e+00  -2.2860100e+00
  -2.0064899e+00   3.4762047e+00
  -4.4465322e+00   5.3256533e+00
   4.3257883e-01   2.4141783e+00
  -3.3042813e+00   2.2612730e+00
   1.3419909e+00   3.9348225e+00
   1.5638299e+00  -1.1665987e+00
  -2.7569967e+00  -7.3000374e-01
  -3.3582740e-01  -1.5940848e+00
  -3.1634490e-02   3.3214822e+00
  -1.5931792e+00   2.7188245e+00
   7.1001164e-01   2.7586203e+00
  -1.1934684e-01  -4.8416635e+00
  -7.3600663e-01  -2.0343070e+00
   2.3887436e+00  -2.4286741e+00
  -1.8010178e+00  -5.0339153e+00
   2.3591866e+00  -7.9237688e-01
  -6.2868914e-01  -8.8560463e-01
   1.2567065e-01   2.3252247e+00
   4.5895572e-02   2.9682014e+00
   8.7366508e-01  -2.9851555e+00
   5.7498062e+00   7.5246388e-01
  -1.6176482e+00  -1.2056677e+00
   5.4642296e+00   1.1881937e+00
  -2.9209241e+00   4.4057176e+00
  -4.3754398e+00  -4.0012788e+00
   6.5707129e-01   2.1118871e-02
   1.2170295e+00   1.6295166e+00
   1.7715860e-01  -5.3591045e+00
   9.3737891e-01   3.4887594e+00
   2.5531302e+00   1.0061896e+00
   4.6164573e+00   7.6561270e+00
  -3.3030429e+00   2.6736917e+00
   5.7041947e+00   2.5056927e+00
