   4.9138415e-01
   3.8523365e-01
   3.0508587e-01
   8.8042985e-01
   5.3698874e-01
   4.4339459e-01
   8.3785723e-01
   6.9803635e-01
   2.3201117e-01
   3.5279694e-01
   7.0903547e-02
   6.5254266e-01
   2.0288608e-01
   3.0355985e-01
   9.3230632e-01
   9.1598730e-02
   1.4744318e-01
   2.6210465e-01
   8.0210535e-01
   4.2085042e-02
   8.7839297e-01
   3.3136837e-01
   4.6900121e-01
   5.6161818e-01
   9.5519854e-02
   9.6780663e-01
   3.6736669e-01
   2.6234114e-01
   6.2368745e-01
   7.5838076e-01
   8.9888475e-01
   9.5527242e-01
   4.5520768e-01
   6.6537404e-01
   6.8807294e-01
   7.6207841e-02
   6.5427379e-01
   5.0823598e-01
   7.1708700e-01
   2.0150536e-01
   5.2134986e-01
   5.6714546e-01
   9.7117782e-01
   1.0684149e-01
   5.0058778e-01
   1.2960373e-01
   9.8534851e-01
   4.3900709e-01
   1.3386477e-01
   4.3868124e-01
   6.7444127e-01
   9.7371489e-01
   6.5658938e-01
   7.2623110e-02
   3.0908984e-01
   4.9009549e-01
   9.8151826e-05
   1.7534730e-01
   9.6430984e-01
   2.2116901e-01
   3.0414229e-01
   6.2194234e-01
   7.4301067e-01
   6.8404234e-01
   6.5354187e-01
   8.9804180e-01
   6.7344442e-01
   2.7988580e-01
   4.4467629e-01
   5.5143056e-01
   4.2076161e-01
   5.5725671e-01
   9.5555417e-01
   5.0596280e-01
   3.2407593e-01
   8.1460338e-01
   2.5654569e-01
   9.9582478e-01
   5.7454674e-01
   3.2812387e-01
   3.0669673e-01
   2.5592761e-01
   6.2938249e-01
   1.4410498e-01
   2.4055517e-01
   9.3143635e-02
   7.9798917e-01
   4.9641565e-01
   5.8256087e-01
   6.9912980e-01
   3.6594821e-01
   9.7456835e-01
   6.7757282e-01
   6.1892553e-01
   7.9612261e-02
   6.1260074e-01
   6.2434411e-01
   2.6770593e-01
   9.6798965e-01
   3.2388696e-01
   3.7240383e-01
   1.4188039e-01
   8.7890920e-01
   3.3932029e-01
   7.7918494e-01
   7.6533033e-01
   4.8947256e-01
   3.9962534e-01
   5.7001712e-01
   8.4319853e-01
   7.4932340e-01
   1.7411744e-01
   8.0098030e-01
   9.3222208e-03
   6.9825875e-01
   4.9052540e-01
   3.3864885e-01
   9.7823920e-02
   4.2919083e-02
   9.8397381e-01
   8.7081433e-01
   7.2352618e-01
   7.9318378e-01
   8.7007239e-01
   1.7429510e-01
   7.6577220e-01
   2.7661484e-01
   9.1732694e-01
   8.4175008e-02
   8.2860621e-01
   1.5248221e-01
   3.2501705e-01
   9.0081931e-01
   4.8657255e-01
   9.8257015e-02
   5.6747318e-01
   2.4472401e-01
   7.5011455e-01
   8.9204499e-01
   4.0668016e-01
   1.3659902e-01
   1.2562199e-01
   8.3717780e-01
   4.8270522e-01
   8.9456260e-01
   7.9115380e-01
   1.3951753e-01
   1.9054803e-01
   6.4892974e-01
   2.2889347e-01
   8.5198860e-01
   1.3929988e-01
   9.5012733e-01
   5.7095702e-01
   2.3929947e-01
   6.4168400e-01
   4.2584605e-01
   5.5669889e-01
   8.9721816e-02
   8.8705326e-01
   9.5271424e-01
   2.8369631e-02
   9.4394489e-01
   6.0865123e-01
   1.0904013e-01
   1.2049130e-01
   4.6611043e-01
   5.6337306e-01
   3.6775780e-02
   2.8509787e-01
   2.5346807e-01
   9.5613291e-01
   3.6623968e-01
   8.3872244e-01
   8.3020931e-01
   4.9620514e-01
   9.5738224e-01
   8.2006434e-01
   3.6244372e-01
   8.3004943e-01
   1.5637999e-01
   3.0519911e-01
   9.1930982e-01
   4.0985822e-01
   8.3594496e-01
   6.8681022e-01
   1.2158599e-01
   8.6936404e-02
   1.8251966e-01
   2.6973966e-01
   6.0431989e-01
   4.4345444e-01
   3.5285328e-02
   6.0765914e-01
   4.8291534e-01
   5.7727377e-01
   3.3027039e-01
   2.7995343e-01
   5.1196678e-01
   4.0592868e-01
   4.2312763e-01
   7.4279588e-01
   1.8290556e-01
   2.4641175e-01
   7.3355631e-01
   9.8114717e-01
   1.7795217e-01
   7.0471292e-01
   2.8889638e-01
   3.8335409e-01
   9.9432196e-01
   8.4563224e-01
   3.1493473e-01
   2.5327098e-01
   8.2245159e-01
   9.2019680e-01
   4.8822003e-01
   8.3003269e-01
   3.4856050e-01
   8.1997998e-01
   8.6510389e-01
   6.3528071e-01
   4.4127696e-02
   4.7512419e-01
   7.4418773e-01
   7.9839803e-01
   3.9584549e-01
   6.1882258e-01
   8.0678488e-01
   1.7031150e-01
   3.9007591e-01
   4.9252996e-01
   1.2703099e-01
   5.8120798e-01
   3.0737836e-01
   8.9086506e-01
   5.1142843e-01
   2.6758838e-01
   8.2396231e-01
   3.1563732e-01
   4.0464003e-01
   5.1264810e-02
   1.7754822e-01
   2.2757575e-01
   8.0850833e-01
   8.6752292e-01
   8.1424793e-01
   5.7454803e-01
   6.6568508e-01
   5.1470789e-01
   7.5914144e-01
   8.7578459e-01
   9.8063713e-01
   6.1828998e-01
   9.7615890e-01
   1.3058231e-01
   7.5531403e-01
   2.4444167e-01
   2.6166567e-01
   3.1042362e-01
   4.3288897e-01
   2.5729309e-01
   3.1400242e-01
   9.6495761e-01
   5.9537584e-02
   5.3311074e-01
   5.6363080e-02
   4.4607594e-01
   7.8641952e-01
   9.1577470e-01
   5.1448144e-01
   8.6531051e-02
   9.0933080e-01
   3.1553626e-01
   8.9814107e-01
   5.4073109e-01
   8.0822239e-01
   4.7993933e-01
   2.4881378e-02
   1.5119396e-01
   8.6483594e-01
   1.9104001e-01
   3.6735887e-02
   3.2745838e-01
   7.1237564e-01
   9.0953340e-01
   4.2411842e-01
   7.0342585e-01
   8.4119695e-01
   4.4043410e-01
   6.6950674e-01
   7.1394565e-01
   1.5661472e-01
   1.0924847e-01
   7.5605866e-01
   7.1166224e-01
   7.2344753e-01
   1.6995141e-01
   7.8638007e-01
   3.7547570e-01
   3.1749400e-01
   1.0080994e-01
   2.8641192e-02
   2.8458175e-01
   8.9437406e-01
   5.3821051e-01
   3.6024547e-01
   4.8855295e-01
   8.4139435e-01
   9.4038462e-01
   4.5895953e-01
   3.5022343e-01
   1.0232861e-01
   9.7764682e-01
   6.9034949e-01
   5.3796348e-01
   5.1206608e-01
   4.9174283e-01
   5.6077399e-01
   6.7308027e-02
   7.2405848e-01
   7.9680399e-01
   7.6985452e-01
   7.5906158e-01
   6.9513397e-01
   2.2876712e-01
   7.8654615e-04
   3.2782539e-01
   8.4641828e-01
   5.9783093e-02
   8.3719785e-01
   2.9744525e-01
   7.2704517e-01
   7.4975456e-01
   5.7544032e-01
   9.8951657e-01
   9.8447484e-01
   8.2291762e-01
   3.9575471e-01
   6.5393167e-01
   2.2743171e-01
   9.5247431e-01
   8.0123798e-01
   1.8855982e-01
   4.3217742e-01
   7.7411572e-01
   1.4139623e-01
   5.3381781e-01
   2.3726148e-01
   3.6946727e-01
   5.8360569e-01
   2.2578932e-02
   1.9520458e-01
   8.0746145e-01
   5.8259091e-02
   9.1319525e-01
   4.5122453e-01
   6.2415851e-01
   3.8438595e-01
   1.1670915e-02
   5.9385871e-01
   4.3664683e-01
   8.1737118e-01
   7.8191529e-01
   5.4612084e-01
   3.1203506e-01
   4.4829470e-01
   5.5365932e-01
   7.6345155e-01
   7.1259931e-01
   4.0485814e-01
   7.6675503e-01
   9.2689537e-01
   9.3800737e-01
   5.4116219e-01
   3.5615357e-01
   1.9401249e-01
   7.4056084e-01
   4.7928998e-01
   7.4641496e-01
   8.1151026e-01
   2.9255610e-01
   2.6015102e-02
   3.0184582e-01
   7.4639237e-01
   5.2400216e-01
   5.5400813e-01
   4.8444108e-01
   9.3509342e-01
   6.0668326e-02
   6.4126856e-01
   9.2584862e-01
   8.5166544e-01
   9.4841928e-01
   6.5479021e-01
   2.4391677e-01
   9.1569157e-01
   7.8419344e-01
   3.4239864e-01
   5.9292020e-01
   3.2188654e-01
   1.3475353e-01
   3.9005893e-01
   2.6593562e-01
   7.2050888e-01
   1.3367919e-01
   9.9413517e-01
   8.9074357e-01
   6.6642629e-01
   4.6578991e-01
   4.8814876e-01
   7.1609447e-01
   9.1042548e-01
   2.1097698e-01
   2.7800152e-01
   7.7670128e-01
   7.6163191e-01
   5.0700142e-01
   6.3310731e-01
   6.7437011e-02
   1.7783008e-01
   1.3665388e-01
   1.2941513e-01
   8.1471827e-01
   3.0491843e-01
   2.8290072e-01
   7.1539190e-01
   2.9748539e-01
   8.8908395e-02
   4.0055501e-01
   1.8371870e-01
   2.7209370e-01
   5.8874261e-01
   2.7810935e-01
   6.6877636e-01
   8.4337121e-01
   2.0687349e-01
   8.3148476e-01
   7.5699560e-01
   1.6122884e-02
   4.7722274e-01
   2.7468114e-01
   8.8217619e-01
   3.8734149e-01
   9.5042903e-01
   9.6392863e-01
   6.6123748e-01
   3.7268903e-01
   5.7746438e-01
   9.0049881e-02
   3.2353187e-01
   2.4411076e-01
   7.3340886e-01
   8.4894901e-01
   6.5881868e-01
   4.4608837e-01
   6.1909720e-01
   4.6143799e-01
   7.2931786e-01
   5.6373040e-01
   9.6193136e-01
   6.1611061e-01
   8.9618362e-01
   4.7509314e-01
   5.5882020e-01
   6.1066487e-01
   6.4814071e-01
   1.4757116e-02
   7.4882173e-01
   8.1759799e-01
   9.8345636e-01
   1.2147237e-01
   5.2330190e-01
   6.7774613e-01
   8.5905857e-01
   1.6309441e-01
   5.8322351e-01
   8.9978311e-01
   3.3968243e-01
   3.0537481e-02
   1.0983579e-02
   4.6538812e-01
   1.5486029e-01
   3.3250746e-01
   5.8171230e-01
   4.4301082e-02
   2.2844349e-01
   7.6001342e-01
   8.8674001e-01
   7.2308354e-01
   4.7128095e-01
   3.1450248e-01
   2.3403409e-01
   1.2199308e-01
   6.8428494e-01
   5.3315580e-02
   9.1832128e-01
   8.5994259e-01
   5.2943448e-01
   8.4581381e-01
   4.4171167e-01
   8.1894942e-01
   5.2953551e-01
   8.9664609e-01
   6.4549143e-01
   3.6005584e-01
   4.3860691e-01
   9.0558509e-02
   8.1385628e-01
   6.0759944e-01
   1.5490376e-01
   2.4135315e-01
   4.7463527e-02
   9.2123806e-01
   5.7915125e-01
   4.7004971e-01
   3.8418153e-01
   6.5982787e-01
   8.2782153e-01
   2.6094247e-01
   5.1890767e-01
   2.2950681e-01
   9.0720016e-01
   5.6238680e-02
   1.0216927e-01
   1.0583208e-01
   3.2904548e-01
   9.1673833e-01
   3.2222651e-01
   3.6540695e-01
   8.0121822e-01
   7.8214378e-01
   6.2163156e-02
   8.9498685e-01
   8.4767849e-01
   3.1454113e-01
   5.3146333e-01
   5.3480444e-01
   5.5199350e-01
   7.8632958e-01
   7.7509543e-01
   7.3357199e-01
   2.5353417e-01
   2.6337594e-01
   6.4379077e-01
   2.7237068e-01
   1.3862573e-01
   9.5840424e-01
   6.0632539e-01
   6.4258131e-02
   8.7888496e-02
   2.3815336e-01
   9.7656909e-01
   2.3305524e-01
   7.1542764e-01
   9.0639924e-01
   3.0646122e-01
   3.4982507e-01
   1.3730732e-01
   2.6654705e-01
   9.8883843e-01
   9.3246813e-01
   4.7942362e-01
   2.6270683e-01
   8.6049041e-01
   8.6967416e-01
   6.7698949e-02
   8.8430133e-01
   7.0425162e-01
   9.4270781e-01
   2.4823552e-01
   6.5420352e-02
   8.8818885e-01
   8.6599086e-02
   3.4963631e-01
   5.7350416e-01
   7.0794859e-02
   1.8073238e-01
   2.6713481e-01
   3.3633966e-01
   8.3664222e-01
   5.5455923e-01
   7.5139455e-01
   6.8069311e-01
   4.0294723e-01
   5.4401155e-01
   9.3459218e-01
   4.6981581e-01
   2.0511828e-01
   6.6972128e-01
   4.9267435e-01
   9.1542872e-01
   2.6359496e-01
   6.5561230e-01
   1.7623075e-01
   4.2422519e-01
   9.8516954e-01
   5.6674146e-01
   8.9573229e-01
   6.5736765e-01
   7.0554241e-02
   3.1781765e-01
   6.9058911e-01
   1.5296009e-01
   2.4308552e-01
   6.6377084e-01
   7.5904505e-01
   2.3930014e-01
   8.2562210e-01
   8.6127743e-01
   2.4213242e-01
   2.4894043e-01
   5.1763656e-01
   3.2309018e-01
   7.5499460e-01
   6.8642641e-01
   6.4136142e-01
   9.6168675e-01
   3.6904817e-01
   6.1064454e-01
   3.5143510e-01
   6.2851076e-01
   9.1803130e-01
   1.7465179e-01
   5.3593241e-01
   8.6120305e-01
   8.3353846e-01
   4.1974004e-01
   2.4515155e-01
   4.1088569e-01
   8.3157091e-01
   6.4879554e-01
   6.5030553e-01
   4.7607821e-02
   3.4500734e-01
   2.3767982e-01
   8.0008276e-01
   5.3968855e-01
   8.2468941e-01
   3.0557650e-01
   4.7986304e-01
   2.4907543e-01
   8.1736196e-01
   8.1288840e-01
   2.1173472e-01
   4.0364723e-01
   2.0487293e-01
   5.8161993e-01
   4.4893898e-01
   4.8711548e-01
   5.6906169e-03
   6.7932232e-01
   9.1789263e-01
   7.0777984e-01
   1.3774763e-02
   6.0043997e-01
   2.8536696e-01
   2.0033216e-01
   3.0486114e-01
   2.3037357e-02
   8.2240211e-01
   1.4175981e-01
   4.8966015e-02
   8.3773879e-01
   2.9379396e-02
   2.4589238e-01
   4.5418572e-01
   8.2647119e-01
   4.1456312e-01
   9.3202749e-01
   4.0667821e-01
   5.3085860e-01
   5.6505370e-01
   4.6984219e-01
   5.3640805e-01
   3.5910465e-01
   5.5295069e-01
   7.6274152e-01
   5.7374034e-01
   8.4099696e-01
   2.4540556e-01
   7.3707492e-01
   4.4720031e-01
   7.1432889e-01
   2.5695402e-01
   7.6838828e-01
   7.4939335e-01
   1.4857862e-01
   7.5335882e-02
   7.4922786e-01
   8.6330088e-01
   2.2204182e-01
   3.4243668e-01
   8.1639535e-01
   3.5457233e-01
   9.7812540e-01
   7.0887257e-01
   8.5786768e-01
   6.6538008e-01
   7.1349794e-01
   1.5051810e-02
   5.1860737e-01
   7.4685705e-01
   3.1636934e-01
   9.4099141e-01
   5.4626424e-01
   8.3552850e-01
   6.7569324e-01
   5.4930924e-01
   6.5470082e-01
   9.1974325e-01
   2.7627511e-01
   3.8572571e-01
   4.2218230e-02
   9.8559122e-01
   2.1161685e-01
   2.3975665e-01
   5.7062035e-01
   6.5090142e-01
   7.8781272e-01
   5.0906397e-01
   4.0703040e-01
   8.4166127e-01
   7.5100844e-01
   6.6650955e-01
   1.2874012e-01
   6.0666879e-01
   4.8553277e-01
   8.9689972e-01
   2.7068324e-01
   5.3223846e-01
   5.4967123e-01
   8.3932392e-01
   7.3756673e-01
   8.2070538e-01
   4.1749372e-01
   3.2246582e-01
   7.2867003e-02
   1.6056999e-01
   6.1033987e-01
   9.7974307e-01
   1.3399513e-01
   9.8880382e-01
   5.7970177e-01
   9.7916027e-01
   3.8059602e-01
   6.1361938e-01
   7.2960379e-01
   8.9068161e-01
   4.2351343e-01
   6.3150552e-01
   6.7440757e-01
   1.5236913e-01
   6.4118279e-01
   9.2393406e-01
   9.4214319e-01
   8.0202575e-02
   7.4527929e-01
   1.1614405e-01
   8.1126863e-02
   1.9139908e-01
   6.5269820e-01
   5.3293956e-01
   6.7802789e-01
   2.6623556e-01
   1.6328656e-01
   7.5415650e-03
   2.8592325e-02
   5.6484752e-01
   2.1913977e-01
   7.1331571e-01
   3.2561337e-01
   9.1494759e-01
   4.3576079e-01
   8.0297071e-01
   4.9534528e-01
   6.9787987e-01
   8.9602763e-01
   3.0842191e-02
   5.2124383e-01
   6.4133595e-01
   2.4779032e-01
   1.7324454e-02
   4.8759723e-01
   1.0832594e-01
   4.2234906e-01
   7.8562746e-01
   4.7344275e-01
   7.7739945e-01
   4.5209087e-01
   5.1004511e-01
   8.7237274e-01
   8.3214293e-01
   5.9517855e-01
   1.7182146e-01
   1.4942966e-02
   5.9362793e-01
   9.3304705e-01
   8.6277809e-02
   9.0516319e-01
   4.0474275e-01
   5.0540685e-02
   3.1100185e-01
   4.6675130e-01
   9.2026495e-01
   1.7811614e-01
   7.6798898e-01
   2.9149249e-01
   6.7116929e-01
   8.5411449e-02
   6.8149575e-01
   8.6076210e-01
   4.5109318e-01
   2.8224989e-01
   6.4384871e-01
   3.2828240e-01
   2.4603309e-01
   5.9534573e-01
   5.2758612e-01
   2.1648151e-01
   4.5994859e-02
   5.3543081e-01
   6.3782891e-02
   2.2524569e-01
   5.1015308e-01
   8.2218201e-01
   1.3764989e-01
   3.5193503e-01
   2.4387898e-01
   6.0295945e-02
   3.4029577e-01
   5.3698101e-01
   5.5818887e-01
   5.7193364e-01
   2.3994456e-01
   3.7799425e-01
   6.3466425e-01
   6.5086785e-01
   4.3778393e-01
   2.6325777e-01
   6.0461071e-01
   1.4425288e-01
   5.3388830e-01
   1.6122374e-01
   4.3158083e-01
   2.8076525e-01
   2.7564616e-01
   9.9338205e-01
   9.5983786e-01
   8.6047559e-01
   4.4597121e-01
   3.9910359e-01
   6.1075121e-01
   7.1878790e-01
   5.6477381e-01
   4.2407642e-01
   4.5046406e-01
   6.9348239e-01
   3.8377689e-01
   6.4247358e-01
   6.8899367e-01
   3.1001451e-01
   5.4791572e-01
   4.1873828e-01
   1.3639373e-01
   1.8199398e-01
   4.4061178e-01
   6.8002194e-01
   1.7374261e-01
   2.3893865e-02
   4.8911872e-01
   4.0941992e-01
   3.8530731e-01
   7.9146378e-01
   6.2389775e-01
   3.9292896e-01
   8.1769510e-01
   4.5585008e-01
   5.7867029e-02
   1.0308646e-01
   4.4590281e-01
   7.7715328e-01
   3.3699368e-01
   5.1447555e-01
   4.2707363e-01
   6.0124400e-01
   4.5160512e-01
   1.1315192e-01
   9.2036184e-01
   8.9669010e-01
   4.2821954e-01
   1.3353556e-01
   2.2866725e-01
   1.3304885e-01
   2.6172696e-01
   4.5137335e-01
   7.2897000e-01
   2.0981024e-01
   5.5259292e-02
   3.3286127e-02
   6.4337322e-01
   7.9165915e-03
   3.9278124e-01
   6.9796987e-01
   5.6666440e-01
   3.2587050e-01
   2.0403959e-02
   3.9720071e-01
   9.8006961e-01
   3.5271711e-01
   6.4801656e-01
   6.5237583e-01
   4.5875238e-03
   3.0864041e-02
   7.5114961e-01
   6.6961183e-01
   6.8154438e-01
   6.6406903e-01
   5.5317905e-01
   3.2472249e-01
   5.7731905e-01
   5.9643328e-01
   7.7938634e-01
   6.7015940e-02
   9.2440966e-01
   3.2539153e-01
   5.5171688e-01
   5.2453890e-02
   6.4043083e-01
   2.5049137e-01
   9.4024084e-01
   9.0541022e-01
   5.2541858e-01
   9.6891829e-01
   5.1407497e-01
   2.9679283e-01
   6.1781224e-02
   3.0590231e-01
   1.3515047e-01
   2.9152008e-01
   8.2245359e-01
   6.4144280e-01
   8.2458640e-01
   2.3568189e-01
   4.6728014e-01
   9.5087678e-01
   9.1248374e-01
   4.2767133e-01
   5.1943693e-01
   7.5941132e-01
   1.5521150e-01
   4.7865078e-01
   4.1604261e-01
   4.7753832e-01
   2.9159422e-01
   9.3599749e-01
   4.2348267e-01
   8.4156550e-01
   9.1280027e-01
   3.8262598e-01
   4.8575238e-01
   8.4428207e-01
   6.8803164e-01
   9.6278236e-01
   8.7311160e-01
   9.6538736e-01
   1.9515422e-01
   5.3226090e-01
   5.8739601e-02
   4.8477036e-01
   9.9585773e-01
   4.8861914e-01
   7.3943353e-01
   8.8748600e-01
   7.0750955e-01
   1.2216638e-01
   6.5164318e-01
   8.7979270e-01
   4.9665309e-01
   1.8156671e-01
   7.0918448e-02
   1.3846147e-01
   4.2848361e-01
   8.7542348e-01
   7.1771840e-01
   5.1250401e-01
   3.4990041e-01
   2.5012934e-01
   2.5050353e-01
   8.1704899e-01
   3.7662058e-01
   3.3985054e-01
   8.1769920e-01
   6.5820531e-01
   4.6712519e-02
   8.3932679e-01
   8.0735912e-01
   4.4750029e-01
   8.7165127e-01
   1.9667623e-01
