   4.8877446e+00   2.4567681e+00
  -9.7034105e-01   7.3355062e-01
   3.7158163e+00  -4.1739885e-01
  -4.4885011e-01  -8.8301975e-01
   1.8592583e+00   2.5026003e+00
   4.7724365e-01   6.9400388e-01
  -9.0078886e-01  -1.3518783e-01
  -3.1496173e+00  -4.2526982e+00
   2.9353681e-03  -1.5493114e+00
   3.6230920e-01   3.2266499e-01
   1.4736381e-01  -4.0604436e-01
   8.3223647e-02  -1.5302951e+00
  -6.8170132e-01  -1.7514457e+00
   1.8250492e+00   1.8506604e+00
   2.3584093e+00  -6.8506564e-01
   2.6767778e+00   3.0654323e-01
  -6.8606190e-02   1.3815287e+00
  -1.6145439e+00  -1.4124272e+00
   5.0771197e+00   7.9663194e+00
  -5.3165126e-01   1.3724666e-01
  -1.3368463e+00  -2.6481613e-01
  -2.3943576e+00  -3.2173615e+00
  -3.8434423e-01   1.7609215e+00
   1.8664580e-01  -2.6668532e-02
  -1.2380158e+00  -3.4596062e+00
  -2.8222935e-01  -2.4771762e+00
  -3.8970471e+00  -4.2502142e+00
  -2.0789044e+00  -1.4767829e+00
  -3.5711242e+00  -6.3657614e+00
   1.1162104e-01  -9.6489074e-01
   2.8727574e+00   2.0076448e+00
  -1.7973735e+00  -7.4549533e-01
  -2.8265346e+00  -2.8702865e+00
  -3.3173071e+00  -5.0889400e+00
   1.7376352e+00   1.6987754e+00
   7.4599075e-01   3.6586435e+00
   4.4680567e-01  -5.3375334e-02
   3.5531904e+00   3.3024676e+00
  -4.7618006e+00  -3.0433485e+00
   4.3125089e+00   2.3774514e+00
  -5.0153657e+00  -7.8995696e+00
   3.2741613e+00   4.0868845e+00
   7.4193534e-01  -9.5625780e-02
  -1.6717054e+00   1.0781172e+00
   2.0891455e+00   5.0238966e-01
   2.8426288e+00   2.3756943e+00
  -7.7986461e-01  -2.8128150e+00
   2.7743440e+00   1.6097746e+00
   5.3144629e+00   4.9310801e+00
   3.4687514e+00   2.4642813e+00
   4.4234112e+00   5.6558123e+00
  -2.7580617e+00  -2.4104319e+00
  -3.5473674e+00  -4.0467106e+00
  -5.7070779e+00  -3.7300621e+00
   3.0685557e+00  -6.5530920e-03
  -2.5248756e+00  -2.2119533e+00
  -2.7861567e+00  -1.7414846e+00
  -3.7176950e+00  -2.4601875e+00
  -7.0400385e-01   3.2936619e-01
  -1.6306160e+00  -1.6445217e+00
   7.0127917e-01   1.9390125e+00
  -3.3207883e+00  -3.0066793e+00
  -9.7619358e-01  -3.5741845e+00
   4.7320958e-01   2.7243026e-01
   5.1058105e+00   3.5059554e+00
   3.8649462e+00   2.1769650e+00
  -1.0209940e+00  -1.4366695e+00
   4.9224959e+00   3.3624148e+00
   3.1617499e+00   2.5687442e+00
  -2.6445167e+00  -5.3210121e-01
  -1.8731079e+00  -6.2137893e-03
  -8.7809211e-01   1.3858949e+00
   4.5248036e+00   3.1885279e+00
  -8.5541279e-01  -3.8859368e-01
   4.0736716e+00   6.3841825e+00
  -3.1217678e-01   5.0933730e-01
   6.5644414e+00   4.5144780e+00
   5.1780526e+00   5.6961098e+00
  -5.9765028e+00  -4.0557840e+00
   2.7693429e+00   1.9853124e+00
  -1.6012436e+00  -2.4350049e+00
  -5.1173678e+00  -4.0985479e+00
  -2.1909356e+00  -9.3301174e-01
   3.8202456e+00   4.0715270e+00
  -1.5204272e+00  -3.5581098e+00
   4.2501355e+00   3.4453912e+00
   9.8977334e-01  -1.0383005e+00
   1.7503776e+00  -1.6959392e-01
  -4.1917630e+00  -2.7294997e+00
  -3.1887173e+00  -3.0921016e+00
  -8.6507111e-01  -6.3108682e-01
  -8.2872962e-01  -1.5873959e+00
  -6.2259449e-01   8.8665195e-01
   3.5224101e+00   1.9395743e+00
  -2.3880798e+00  -4.6849891e+00
   2.0311332e+00   2.3881138e+00
  -3.5126529e+00  -2.5021762e+00
  -3.4684236e+00  -3.1723458e+00
   6.7347841e-01   3.6958011e+00
   6.1523244e+00   5.5679668e+00
   2.8212022e+00   1.9656816e+00
  -6.6378781e+00  -5.7943740e+00
  -2.1232299e+00  -2.5332227e+00
  -2.4820046e+00  -6.4442425e-01
  -3.9409777e+00  -5.6010633e+00
   4.1235992e+00   2.1763811e+00
   6.5163197e-02  -4.8592482e-02
  -4.9200457e+00  -5.2767742e+00
   9.7940351e-01   5.8593454e-01
  -9.2256318e-01  -8.4122816e-01
  -3.2119450e+00  -1.0325682e+00
   1.5037782e+00   2.3451036e+00
  -2.8715072e+00  -4.2788106e+00
  -8.2206808e-02  -1.4701120e+00
  -2.3185133e+00  -2.5729011e+00
  -5.5225697e+00  -2.1177429e+00
  -1.8303239e+00  -2.6793475e+00
  -6.3127954e-01  -1.2656482e+00
   1.3190902e+00   5.1536079e-01
   2.0355121e+00   1.5325196e+00
  -1.5836576e+00  -4.7392060e+00
   6.4205297e-01   1.6582539e+00
  -1.2609980e+00  -2.6202096e+00
   3.6528431e-01   1.7968591e+00
  -4.3865410e+00  -2.3337326e+00
   1.7643171e+00  -9.5264948e-01
  -3.6635077e-01   1.4192380e+00
  -5.2688908e-01  -2.0457189e+00
   2.3331650e+00   2.6911402e-01
  -3.6442926e+00  -3.8041226e+00
   2.4611295e+00   8.9723975e-01
  -3.3658031e+00  -5.4999833e+00
   9.7084455e-01   1.6812534e+00
  -7.1699359e-01   3.6865482e-01
  -1.4664321e+00  -7.5571595e-01
   2.0649124e+00   1.2128407e+00
   3.1906978e+00   4.0145353e+00
   1.6637465e+00   2.0187423e+00
   6.3554532e-01  -4.2613168e-01
  -4.4046250e-01   4.4798214e-01
  -5.8610486e+00  -6.5487871e+00
  -3.8050160e+00  -5.2527949e+00
   3.3764231e+00   3.1021320e+00
  -3.5661219e-01   7.3366614e-02
  -6.0957691e-01  -2.3205459e+00
   2.2124469e-03   2.3062360e+00
   5.7048586e-01  -4.7348648e-04
  -4.8682873e-01   7.1342560e-01
   2.3520888e+00   1.9924880e+00
  -1.2316073e+00  -3.9288731e+00
  -3.9062022e+00  -5.9406027e+00
   1.9170818e+00   3.2666410e+00
   4.9657291e+00   3.0761611e+00
  -1.6198927e+00   1.7959945e+00
   2.9558865e+00   2.6572500e+00
  -5.5480268e-01   8.3375213e-01
   1.8676562e-02  -4.8061600e-01
   1.2742854e+00   9.7259807e-02
  -1.6333826e+00   6.8369531e-02
   1.8145731e+00   4.6738028e-01
  -1.7540040e+00  -4.1755985e+00
  -1.0736580e+00  -3.1655941e+00
   7.7794541e-01   1.9820081e+00
   5.7213494e+00   4.6348549e+00
   1.4657648e-01   8.1246226e-01
  -2.9503015e+00  -2.0099664e+00
   3.8962614e+00   2.2679317e+00
  -3.5561803e-01  -1.7302626e-01
   2.5166168e+00   3.3193149e+00
  -1.2256898e+00  -1.2779577e+00
  -1.1113326e+00  -7.0102466e-01
  -3.2254450e+00  -3.0597702e+00
   2.4992991e+00   3.5107749e+00
   1.4280756e+00  -1.7313185e-01
  -3.4872485e+00  -1.7856702e+00
  -2.0743822e+00  -3.2497885e+00
   1.5901089e+00   4.3852278e-01
  -2.7303683e+00  -2.3752215e+00
   2.0120568e+00   6.8585255e-01
  -5.2907585e+00  -4.1455931e+00
   2.5786579e+00   3.4277708e+00
  -1.5062145e+00   8.0432875e-01
  -1.2832824e+00   2.9629537e-01
   3.2845295e+00   3.9954821e+00
  -2.4813839e+00  -1.4364091e+00
  -3.4923678e+00  -2.6159956e+00
   4.8132011e+00   4.5385266e+00
  -2.6919772e+00  -1.3467244e+00
   1.8467317e+00   8.8836762e-01
   1.9520569e+00   1.9167840e+00
   9.8181539e-01   3.6835780e+00
   1.4131098e+00   2.1959237e+00
  -1.7472895e+00  -1.0999022e+00
   2.9514567e+00   2.9090788e+00
   2.5628312e+00   4.7776897e+00
   1.1595590e+00  -2.2800990e+00
  -6.2698838e+00  -5.4774550e+00
  -1.9688979e+00  -2.4495074e+00
  -1.7983417e+00  -2.9584396e+00
   4.2095385e+00   1.8405670e+00
   3.2450316e+00   2.6711761e+00
  -1.1678030e+00  -1.3253500e+00
   4.8464878e+00   3.7493049e+00
   6.8879145e-01   1.1484221e+00
   2.0929513e+00   1.1669414e+00
  -6.9364677e+00  -6.3503726e+00
  -1.8898182e+00  -3.8817722e-01
  -2.2630753e+00  -3.6214699e+00
  -3.2405776e-01   2.6446603e-01
   1.1039330e+00   3.7624950e-01
   3.3038499e-01  -1.3933277e-02
  -3.0646575e+00  -2.1085735e+00
   5.4661055e+00   5.3409019e+00
   2.2914659e+00   2.4911337e+00
   1.5958542e+00   2.1921159e+00
   4.0024396e+00   4.3237137e+00
  -8.0294145e-01   5.6505238e-01
  -4.7792478e-02  -4.5157432e-01
   4.8579478e+00   5.2595345e+00
   4.1880567e+00   6.0894151e+00
  -4.7377547e+00  -5.2885624e+00
   6.6448419e+00   6.1799361e+00
   1.0716271e+00   1.5695782e+00
  -1.5532938e+00   1.2039927e+00
  -7.4138886e-01  -2.3808440e+00
  -1.5780679e+00   4.5467308e-01
  -1.8593474e+00  -1.4023233e+00
   3.3148425e+00   2.0551279e+00
   5.8804112e+00   4.2352433e+00
   3.9940480e+00   2.7626923e+00
   1.8909242e+00   7.8950130e-02
   2.6845852e+00   1.9598564e+00
  -2.6850901e+00  -3.3441330e+00
   5.1068855e+00   6.7982854e+00
   5.2673121e+00   6.3843409e+00
  -4.2085793e+00  -3.7873034e+00
  -2.3064449e+00  -1.7925865e+00
   4.9560874e+00   5.0872846e+00
  -3.5121303e-01   1.1503931e+00
  -9.3288568e-01   2.9434681e-01
  -7.1353801e+00  -1.0117299e+01
   2.6037637e-02  -1.7904541e+00
  -1.5345407e+00  -2.1009476e+00
  -1.6106526e+00  -2.2403148e-01
  -4.7491132e+00  -2.8361528e+00
   1.6837769e+00   4.8677103e-01
   9.0146840e+00   8.5699907e+00
  -1.6912719e+00  -1.9277761e+00
  -1.6831435e-01   3.4731304e-01
   1.3308302e+00   2.8891273e+00
  -2.2116388e+00  -2.5840495e+00
   1.8338477e+00   4.4615832e+00
   1.3599362e-01  -5.9911003e-01
  -1.7853781e+00  -2.2583452e+00
  -1.2852441e-01   9.2696440e-01
   2.2142784e+00   1.2442285e+00
  -2.8956374e+00  -4.1116934e+00
   4.8684265e-01  -2.9874047e-01
   2.7919582e-01   1.8704031e+00
  -2.5405688e+00  -2.4349101e+00
   4.0104374e+00   3.2851715e+00
  -3.9156625e+00  -2.7045362e+00
   2.4072642e+00   1.2413429e+00
  -2.7848653e+00  -4.2952257e-01
  -6.1100679e-01  -1.7141906e+00
   3.5007632e+00   5.0018311e+00
   9.3505367e-01   2.7312918e+00
  -5.8154718e+00  -8.5302309e+00
  -2.5440466e+00  -3.1211191e+00
  -2.8293012e+00  -2.4094085e+00
  -2.8922507e+00  -6.1926308e-01
   1.3646704e+00   1.7675618e+00
   6.5012513e-01   7.7606036e-01
  -4.1794897e+00  -5.2485606e+00
   1.0604573e+01   9.8794083e+00
   3.8893936e-01   1.3468920e+00
  -5.8866654e+00  -2.8675999e+00
  -5.7218146e-01  -1.2617719e+00
  -1.8836684e+00  -2.4775000e+00
  -2.5619236e+00  -1.4224972e+00
  -2.7119184e+00  -3.3893198e+00
   4.0877340e+00   4.5262226e+00
   1.1588836e+00   1.1986953e+00
  -1.8343995e-02  -1.3684059e+00
  -3.6604749e-01  -5.2054457e-01
   1.6359268e-01   6.9421325e-01
  -1.2895372e+00  -2.1955130e+00
  -3.2487127e+00  -2.9941077e+00
  -5.8312264e+00  -7.4573622e+00
   4.9434891e-01   8.8792178e-02
  -1.3406704e+00  -3.0768894e+00
  -2.8009346e+00  -1.5111773e+00
  -8.8335490e-01  -1.0786549e+00
   1.3601316e+00   2.9985504e+00
   1.8517453e-02  -1.1951140e+00
   2.2772390e+00   4.3717240e+00
   1.9153116e+00   1.2351768e+00
   2.4795352e+00   1.2018238e+00
   6.1069148e-01  -4.8255691e-01
  -2.3987658e+00  -3.1290661e+00
   6.8051793e+00   5.9308826e+00
   5.3651982e+00   4.6597058e+00
  -3.8402775e+00  -6.5503713e+00
   6.1441895e-01  -1.0435428e-01
  -5.6669984e+00  -5.6027419e+00
   3.7334068e+00   5.7555661e+00
   2.0026608e-01   1.1994361e+00
  -3.0714554e+00  -3.9276007e+00
  -9.1663973e+00  -9.1689204e+00
  -7.0972557e+00  -3.0465009e+00
   6.7178668e+00   7.3154958e+00
  -5.6767360e+00  -3.7719466e+00
   2.3927504e+00   3.2463516e+00
  -2.2557540e+00  -3.5390034e+00
   1.1016558e+00  -7.4672564e-02
   3.5134600e+00   3.1906126e+00
   1.9379497e+00   2.9690208e+00
   3.5994247e+00   2.4848663e+00
   1.1317464e+00   9.0498303e-01
  -1.4131714e+00  -6.6052676e-01
   6.5189760e+00   7.7894458e+00
   3.6243278e+00   5.0250903e+00
  -4.0327189e+00  -4.3556354e+00
  -3.6344973e+00  -3.5206426e+00
   2.4543369e+00   1.2624510e+00
   1.1859296e+00   2.6147507e-01
   8.2921650e-01   3.4870052e-01
   7.3483107e-01  -7.2241799e-02
  -1.9829888e+00  -3.1524233e+00
   9.9684378e-01   5.9694383e-01
   6.3724516e+00   3.9415241e+00
  -5.3619742e-01   7.5484704e-01
  -3.8987036e+00  -3.6808456e+00
  -7.4663185e+00  -7.3800232e+00
   2.3540751e+00   4.5863705e+00
   3.1208744e-01  -2.1587255e-01
   1.0017975e+00   2.0951778e+00
   1.3676305e-01  -4.4939781e-01
  -4.2248868e+00  -4.5411657e+00
   3.6698832e+00   1.8540375e+00
   6.5289088e+00   7.6828883e+00
   9.2574225e-01   6.9250513e-01
   1.3145718e+00  -1.6826370e+00
   4.0187508e-01   1.5462077e+00
   1.7130681e+00   1.0386610e+00
  -1.0183913e+00   1.5091887e+00
  -3.2127256e+00  -1.2070905e+00
   1.5121682e+00  -1.2502421e+00
  -5.2617758e-01   6.4086521e-01
   3.4090525e-01   2.1833184e+00
  -4.2112772e+00  -5.5419030e+00
   2.7531663e+00   4.3874062e+00
   5.7082499e-01   2.6301801e-01
  -1.7428115e+00   3.3208158e-01
  -4.4242258e+00  -3.8269786e+00
   1.6735890e+00  -1.1456396e-01
   3.1240721e-01   1.0855303e+00
   1.8554322e+00   2.0762934e+00
   8.0109823e-01   4.7345547e-02
   4.9151616e+00   4.0298804e+00
  -1.0418804e+00  -2.5119897e+00
  -1.0835963e+00  -1.8957339e-01
   2.8891495e-01   2.4523705e+00
   4.8250109e+00   3.1019376e+00
  -9.4346138e-01  -1.9274105e-03
   3.0923213e-01   1.7839603e-01
   8.7329939e-01  -1.9313012e-01
  -1.9644860e-01   2.7583009e-01
  -2.3545434e-01  -1.5990105e+00
  -2.1051020e+00  -2.9734257e+00
  -2.5087006e+00  -2.6317359e+00
  -1.2853781e+00  -3.0911841e+00
  -7.9116580e-02  -2.8720632e-02
   1.4786437e+00   1.4145164e+00
  -4.2907448e+00  -2.1115651e+00
   5.1049787e+00   7.1886033e+00
  -7.0865905e-01   8.3958706e-01
  -5.0191702e-01  -4.7274366e-01
   3.9915846e+00   3.8154552e+00
  -9.6918695e-01   7.4436278e-02
   1.8708468e+00   1.8479622e+00
  -1.9085191e+00  -1.2772570e+00
  -4.9913060e+00  -5.4444686e+00
   5.0865460e-01  -1.6011419e-01
  -1.0092023e+00   7.0627403e-01
   3.0135698e+00   3.0990852e+00
  -4.5375222e+00  -4.9983296e+00
   2.9821536e+00   3.2034016e+00
  -1.5489186e+00  -9.4509508e-01
   2.1677937e+00   2.8123804e+00
   1.9780110e+00   2.0134999e+00
   8.0971327e-01  -6.8814454e-01
   1.6435631e-01  -2.0936969e+00
  -2.5032386e+00  -6.6160408e-01
   2.2847840e+00   2.1848186e+00
   8.5523790e-01  -1.1671126e+00
   4.4552136e+00   3.4794450e+00
  -1.3112731e+00  -3.0129881e+00
   3.2682463e+00   3.9116034e+00
   6.9882799e+00   8.0516490e+00
  -1.2402937e+00  -2.1207020e+00
  -1.4250098e+00  -1.0941443e+00
  -2.2687938e-01   1.5798767e+00
  -2.7445580e-01   6.7604574e-01
  -2.1071949e+00  -1.8536486e+00
   1.7321375e+00   1.2475924e+00
  -2.5808641e-01   5.2874400e-01
   9.6052959e-01   7.0690115e-01
  -1.1082016e+00  -3.9880762e-01
   8.4928702e+00   6.7970151e+00
   2.5449883e+00   2.0510044e+00
   2.0414005e+00   3.4989974e+00
   1.7719288e+00  -6.5020245e-01
  -2.0772477e+00  -1.1116030e+00
   1.8070651e+00   3.9225795e-01
  -3.6947179e+00  -3.0214823e+00
   6.2901539e+00   5.3917623e+00
   2.6019724e+00   3.9755568e+00
  -6.6245512e+00  -6.1559813e+00
   1.3133268e+00   2.2991803e+00
  -9.8264091e-01  -2.5396087e+00
   1.4962387e+00   9.2852923e-01
   1.9822509e-01  -7.5797611e-01
   2.2356072e+00   2.1342811e+00
   2.4676253e-02  -2.9827542e-01
  -2.6722655e+00  -4.4745987e+00
   3.5351884e-02  -8.5673302e-01
   3.2041485e+00   3.6656248e+00
  -2.9113448e-01  -8.7801876e-01
  -1.6464169e+00   5.1724912e-02
   7.3094273e-01  -6.5658928e-01
  -2.7973924e+00  -1.4907069e+00
  -1.3200007e+00  -2.3738045e+00
  -1.4830607e+00  -8.5119639e-01
  -1.6002307e+00  -2.6331961e+00
   7.9789061e+00   7.0080571e+00
   6.7791360e+00   7.1567617e+00
  -3.3690690e+00  -3.5567108e+00
   4.4366738e-02  -5.9139752e-01
  -2.2403457e+00  -8.0112272e-01
   6.3791216e+00   6.7749704e+00
   6.5490051e+00   5.9972913e+00
   3.7279893e-01  -1.3399414e+00
  -2.7734797e+00  -3.0291981e+00
  -6.8299982e-01  -3.1278125e-01
   3.8053100e+00   5.6108249e+00
   1.9512673e+00  -1.2091221e+00
  -4.2639314e+00  -2.2620914e+00
   8.2508876e-01   1.5808928e+00
   1.8546029e+00   4.0514257e+00
   2.8147556e+00   3.2931554e+00
  -3.0398066e+00  -3.2249659e+00
  -2.0997259e+00  -2.5222843e-01
  -4.9618521e+00  -4.6034238e+00
   1.0783409e+00  -3.7690893e-01
   1.1988141e+00   2.6597797e+00
   3.6027045e+00   3.4291128e+00
  -8.3847832e+00  -7.9135147e+00
  -9.1434303e-01  -1.1339754e+00
   5.4415384e+00   3.6763021e+00
   1.4681299e-01   1.7182193e+00
  -6.2193200e-01  -2.9297816e+00
  -4.3749444e-01   5.6956303e-01
  -7.0192405e-01   1.3107820e-01
   5.2605543e-01   8.5052468e-01
   4.2156074e-01   1.3466521e+00
  -3.2470572e+00  -5.3325835e+00
   1.9676502e+00   2.8030116e+00
   8.2754036e-01   4.7121671e-03
   1.4016454e+00   2.3136678e+00
  -3.3406500e+00  -6.2839254e+00
   3.9608864e+00   4.3236574e+00
  -1.4024405e+00  -4.2373341e+00
   1.1087383e+00   5.7614618e-01
   4.8249953e+00   5.5176029e+00
   2.3363109e+00   3.1449289e+00
  -5.5768484e+00  -5.6713275e+00
   6.5465436e-02   9.1208088e-01
   7.6422542e-01  -1.8545057e-01
   3.6831607e-02  -1.4543519e-01
  -3.2436816e+00  -2.2470570e+00
   1.5739788e+00   2.3071877e+00
  -9.4005665e-01  -1.7510906e+00
  -5.1374949e-01  -7.7239550e-01
   3.1292884e+00   4.7123276e-01
  -1.5016356e+00  -1.5482415e+00
  -1.7183740e+00  -1.9395845e+00
  -2.2489782e+00  -1.0554388e-01
   7.9004543e-01   8.8124281e-01
  -8.3000838e-01  -5.8942021e-02
  -6.7670051e+00  -5.9933736e+00
  -2.1698737e+00  -1.6424514e+00
   1.3592370e+00   3.9561218e-01
  -3.2023309e-01   3.6635055e-01
  -8.9802993e-02  -6.3125779e-01
   7.2903662e+00   7.0075512e+00
  -4.6079631e+00  -1.9453421e+00
   7.8588713e-01   1.5095104e+00
  -4.1914522e+00  -3.1719613e+00
  -3.2281526e+00  -3.9580504e+00
  -1.6719737e-01   1.7053297e+00
  -3.7319885e+00  -3.4438357e+00
  -5.4076827e-02  -1.1580432e+00
   1.4104548e+00   3.3319472e-01
   2.1734179e+00   3.3812481e+00
   5.1429562e+00   6.0234912e+00
  -1.4076742e+00   2.5795986e-01
   2.3805082e+00   8.9552036e-01
  -3.8091572e+00  -4.4037561e+00
   2.5942506e+00   1.9272396e+00
  -1.1043426e-01  -1.1389899e+00
  -3.0284956e-01  -9.7943195e-01
  -7.2468996e-01  -1.7941756e+00
  -7.4861701e-01  -1.4358214e+00
   2.5680547e+00   2.4635384e+00
  -2.4122612e+00  -1.9173310e+00
   1.7798050e+00  -9.6522315e-01
   1.4700448e+00   1.2549938e+00
  -9.4803945e-01  -1.7670670e+00
  -4.6672983e+00  -4.0533489e+00
   7.5082744e-01   1.8898599e+00
   5.6739376e+00   5.6081152e+00
   1.2761428e+00  -8.1153946e-01
  -2.7506326e+00  -3.2804930e+00
  -3.1857264e+00  -5.2171321e+00
  -1.4610852e+00  -1.3551370e+00
   2.2168329e+00   5.6540753e-01
   3.2325994e+00   3.0769197e+00
  -6.1915868e-01  -1.4637958e+00
   2.7607795e+00   2.0834115e+00
   6.1269222e+00   3.7327596e+00
   3.0806812e-01  -2.6218234e-01
   1.5015679e+00   5.2753619e-01
   6.1301552e+00   7.1125531e+00
  -6.0838759e+00  -4.5422485e+00
  -1.0350091e+00   6.7865759e-01
   5.0619915e+00   5.5890849e+00
   7.1634801e-01   2.3603345e+00
   2.8919616e+00   2.1006739e+00
  -3.7099606e+00  -4.7067975e+00
   5.0792397e+00   6.4210498e+00
   3.3948664e+00   2.1774855e+00
   3.1450562e+00   4.0869415e+00
  -1.5354799e+00  -8.9337398e-01
   7.5445261e-01   1.5050529e+00
  -1.1390584e-01   1.7254864e+00
   4.4870252e+00   3.1534253e+00
  -3.5981317e+00  -5.4737960e+00
  -2.3210272e-01   4.1020014e-01
  -5.2687083e+00  -6.1395920e+00
   9.1202879e-01  -1.5852927e+00
   1.8576347e+00   1.3754500e+00
  -1.8249096e+00   4.7369498e-01
  -1.1970107e+00  -2.8495005e+00
   3.9586471e+00   3.3472700e+00
  -6.7549537e-01  -5.8845830e-01
  -3.5461355e+00  -4.9129218e+00
  -1.8017689e+00  -8.7833166e-01
  -2.0162755e+00  -3.8427353e+00
   1.6365775e+00   2.6063898e+00
  -6.1148957e-01  -1.4439268e+00
   3.0871662e+00   1.5432769e+00
  -4.9427067e-01  -1.5963309e+00
  -4.3097804e-01   3.4166551e-01
   1.3060861e+00   1.0402048e+00
  -5.2794796e-01   8.8903025e-01
  -1.1028360e+00  -1.5711881e+00
  -5.5627719e-01  -3.3380405e-01
   4.1354852e+00   2.3013205e+00
   1.6591705e-02   4.2468203e+00
  -6.5111571e+00  -3.9481113e+00
  -3.5003223e+00  -2.9267810e+00
   2.6572909e-01   1.6709952e-01
   4.4983753e+00   4.9855830e+00
  -7.0783620e+00  -5.7201661e+00
  -3.0929784e+00  -3.6597292e+00
  -5.8343640e+00  -7.9710894e+00
  -8.2001348e-02   8.7788009e-01
  -9.4262154e-01  -1.9295750e+00
   2.7488539e+00   3.7684275e+00
  -5.8341484e+00  -3.0384005e+00
   1.2820422e+00  -1.8105761e-01
   9.8499197e-01   2.2750601e+00
   4.6359529e+00   4.8894540e+00
   8.3131421e-01   1.9199303e+00
   8.2802195e-01   1.5642845e+00
   3.1375494e+00   5.2871006e+00
   1.6234717e-01   3.8968431e-02
  -2.7674403e+00  -1.1679161e+00
  -2.3960086e-01   5.1044603e-01
  -5.0120502e-01  -3.5138467e+00
  -6.3277580e+00  -7.2712007e+00
  -4.0179036e+00  -4.9725971e+00
   1.0221472e+00   2.5064942e+00
  -7.4349177e-01  -4.0523245e-01
  -3.9646375e+00  -6.0714866e+00
   9.2334725e-01   5.4467423e-01
   1.5180170e+00   9.3727795e-01
   2.9123591e+00   2.3936872e+00
   5.8228913e-01   1.5470845e+00
   2.2307544e+00   5.5075773e-01
   3.8126691e+00   2.9558020e+00
  -7.1413487e+00  -4.2286806e+00
   3.6759421e+00   2.9914303e+00
  -2.8126951e+00   5.2888363e-01
   6.7556854e-01  -3.8925383e-03
   3.0244129e+00   3.7036789e+00
  -2.2637921e+00  -1.6539315e+00
   1.3540814e+00   1.5393672e-01
   1.5334333e+00   2.3785043e-01
  -1.0671678e+00   7.2128903e-01
  -1.6883602e+00  -2.7867379e+00
  -3.7430928e+00  -3.8064311e+00
   3.4958684e+00   1.4532587e+00
   2.2476555e-01   1.3955774e+00
   6.9416140e-01   2.2044980e+00
  -1.0049548e+00  -2.2386197e+00
   4.9715325e+00   7.6485666e+00
  -4.8773396e+00  -4.7805493e+00
  -4.3442474e+00  -4.2203539e+00
   3.8426166e+00   4.9253651e+00
  -4.5724535e+00  -6.4349277e+00
  -5.4542604e+00  -4.5952187e+00
   2.5419659e+00   3.2278940e+00
   1.8390279e+00   1.9563662e+00
  -2.8471216e-01   2.7247413e-01
  -2.2359554e+00  -9.8429094e-01
  -2.9697932e+00  -2.9900498e+00
  -2.2972214e+00  -2.0314736e+00
  -1.6199402e-01  -1.9180690e+00
   1.7025725e+00   1.8423863e+00
  -1.7790439e+00  -1.1967913e+00
  -5.0728149e+00  -3.2526277e+00
   8.4367166e-02   1.0877426e+00
  -2.3238226e+00  -3.2872107e+00
   9.8659860e-01   1.6009792e+00
  -6.9644227e+00  -4.5722540e+00
  -2.5790906e+00  -3.5913750e+00
   1.5479011e+00   2.6710486e+00
  -3.0564125e+00  -4.0381754e-01
   4.5201901e+00   3.5424830e+00
   2.3567697e+00   2.8317359e+00
  -2.6156335e+00  -2.1474056e+00
   3.5301193e-01  -3.4865277e-01
  -1.1151441e-01  -5.3944012e-01
  -4.2130905e+00  -4.6498268e+00
   5.3121698e-01  -1.4828853e+00
   1.2949517e+00  -6.1353549e-02
   3.9594023e+00   1.3787478e+00
   3.1009333e+00   3.4610144e+00
  -5.4180767e+00  -2.8686996e+00
   1.7163520e+00   1.0276979e+00
   3.6141261e+00   2.3083706e+00
  -1.4707331e+00  -7.9615139e-01
  -2.5045960e+00  -1.8462034e+00
   1.2730554e+00  -1.0624184e-01
  -7.9647185e-01  -1.0727630e+00
  -1.3744682e+00  -1.4125905e-01
  -1.0500110e+00   2.3774793e-01
  -1.4228577e+00  -5.7504686e-01
  -6.6536512e+00  -6.8015729e+00
  -3.4255241e+00  -4.5924568e+00
   1.3934063e+00   1.3822590e+00
   6.2809746e-02   7.3341106e-01
   2.4565252e+00   1.6229726e+00
  -7.0591758e+00  -4.6640026e+00
   5.3987987e+00   5.9205734e+00
  -3.4237245e+00  -3.2622818e+00
   1.6144799e+00   2.1023630e+00
  -9.8759070e-01  -3.8676146e-01
  -8.0264420e-01  -2.0083939e+00
   4.1653828e+00   2.2854986e+00
   4.8438331e-01   2.3888980e+00
  -4.2281308e-01   7.8798140e-02
  -7.2259014e+00  -6.3996777e+00
  -8.4763278e-01  -1.2006353e+00
  -4.0524852e+00  -5.1707721e+00
  -1.0517521e+00  -2.2766167e-01
  -3.3069901e+00  -3.3516923e+00
   1.1824912e+00  -2.3091739e-01
  -7.7984606e-01   1.8829496e+00
  -4.1695456e+00  -3.3723797e+00
  -1.4029127e+00  -7.8194091e-01
   1.0446983e+00  -2.6635984e-01
  -9.5551000e-01  -3.9582909e-02
  -3.0592152e+00  -2.9304173e+00
   1.6848375e+00   1.9781130e+00
   1.2519034e+00   1.9208181e+00
  -2.4678452e+00  -2.0670344e-01
  -5.2832134e-01  -2.0032314e+00
  -1.6097354e+00  -2.8940286e+00
  -2.9478299e+00  -1.2987891e+00
  -2.6414021e+00  -1.5776666e+00
  -6.3913039e+00  -6.3590737e+00
   1.2234362e+00   7.0140641e-01
   9.0559737e+00   9.0552949e+00
   9.9292458e-01   7.0609490e-01
   2.2607848e+00   4.3181374e+00
   4.5889195e+00   5.0418486e+00
  -3.7012832e+00  -5.7646632e+00
  -1.9204080e+00  -2.0311736e+00
  -6.2072948e+00  -5.9990222e+00
   2.3900762e+00   3.6385732e+00
  -1.9006755e+00  -1.5818900e+00
  -1.7494118e-01  -2.0866881e+00
  -6.8735835e+00  -6.4107202e+00
   4.5738510e+00   6.2568525e+00
   2.4702877e+00   1.9910778e+00
  -1.5392869e+00  -2.6408317e+00
   9.0692465e+00   8.6291894e+00
  -4.3276080e+00  -1.6109022e+00
  -4.1491622e+00  -3.3154656e+00
   2.3988447e+00   4.5393662e-01
   2.8256065e+00   3.8906637e+00
  -1.7426527e+00   1.3194896e+00
  -1.0410343e+00   1.7982660e-01
  -1.4010441e+00   2.1541124e-01
  -1.8357322e+00  -2.4342190e+00
  -1.1120034e+00  -1.8077669e+00
  -7.1018667e-01  -1.9258329e+00
   2.2136278e+00   1.2818842e+00
   2.9992524e+00   1.8090124e+00
   7.6597383e-01   1.8387602e+00
   3.1712355e-01   1.3084596e-01
  -2.2014308e+00  -4.6838682e-01
  -4.4547705e+00  -3.5760489e+00
  -5.6949012e-01  -5.1936112e-01
  -2.9009783e+00  -4.8338827e+00
  -4.5107427e+00  -5.4354383e+00
   4.0638511e+00   4.9225616e+00
   1.3082535e+00   1.4750608e+00
   5.8235577e+00   5.2680512e+00
   3.7465235e+00   3.7838436e+00
  -2.3976032e+00  -3.4768816e+00
  -4.2588216e+00  -3.8300567e+00
  -3.6295246e+00  -4.2027473e+00
  -2.3973677e+00  -3.1603702e+00
  -4.9610389e+00  -3.5561485e+00
   1.8993828e-01   1.6123700e+00
  -3.5082507e+00  -2.1353819e+00
  -4.3274595e+00  -1.9304211e+00
   9.7768718e-01   8.2553302e-01
   1.3555302e+00   1.3428256e-01
   4.5723473e-01   3.4896951e-01
   3.0975250e+00   1.8796936e+00
   1.1321854e+00   3.7747116e-01
   5.9835627e-01   8.9631007e-01
  -3.6595245e+00  -3.5838636e+00
  -4.0095496e+00  -1.2554034e+00
  -1.3824059e+00  -2.3840178e+00
   1.7864425e+00   2.2312646e+00
   4.0664574e-01  -2.2320113e-01
   1.3826323e+00   4.4253457e-01
  -3.5877638e-02  -4.7092387e-01
   3.7502552e+00   3.8784309e+00
  -4.4435080e+00  -6.3970928e+00
   9.6389990e+00   8.7970064e+00
   2.8305786e-01  -6.6609352e-01
  -2.8470719e+00  -3.2916676e+00
  -1.6892165e+00  -1.8988834e-01
  -9.3719118e+00  -6.1291948e+00
   2.8647328e+00   2.3902248e-01
   1.4446547e+00   4.7729651e-01
   1.0467031e+00   1.1780674e+00
   5.9023065e+00   5.4272832e+00
   2.4345173e+00   3.0669875e+00
   6.1049309e+00   5.6493903e+00
   1.6315695e+00   2.3565349e-01
   3.0644654e+00   3.1603336e+00
   4.5258610e+00   2.3320222e+00
   2.9902126e+00   2.0507293e+00
  -9.1103043e-01   6.8081604e-01
   4.7911580e-01  -1.9337426e-01
  -1.9432551e+00  -3.3935076e-01
  -2.3065762e+00  -1.0687770e+00
  -4.0199241e+00  -3.2962868e+00
  -9.5322746e-01   1.5936723e-01
   3.6380036e-01   5.6654919e-01
  -5.2374616e+00  -3.7929911e+00
   5.3096171e-01   1.3385033e+00
   5.3056029e-01  -1.3639248e+00
   5.4078994e-01   1.2159884e+00
   1.7344873e+00  -1.8247764e-01
  -4.7878902e+00  -3.5159744e+00
  -4.7751842e+00  -2.9402321e+00
   1.8591041e+00   1.4741103e+00
  -4.9597310e+00  -6.0221098e+00
  -1.7480814e-01  -2.2951673e+00
   1.0456028e+00   1.9414325e+00
  -1.8946792e+00  -4.1200046e+00
  -1.7522289e+00  -1.2371758e+00
   5.1354668e+00   3.8745222e+00
  -3.7829206e+00  -3.6442279e+00
   3.4870056e+00   2.5738020e+00
   3.3010436e+00   2.6235252e+00
  -3.7724966e+00  -1.1308811e+00
  -4.3369787e+00  -2.6802561e+00
   1.9549528e+00   3.1817988e+00
  -2.9739157e+00  -1.5692375e+00
   1.3006285e+00   9.0851607e-01
  -5.9399398e-01  -1.7364579e+00
   3.6089430e+00   3.9542876e+00
   3.4323291e+00  -2.3545450e-01
   3.8029806e-01   2.5912936e+00
   4.0498717e+00   4.0375985e+00
  -1.9720311e+00  -6.2607952e-01
   3.1942609e+00   3.6565278e+00
  -5.5715511e+00  -5.5947160e+00
   1.1474474e+00  -1.3655139e+00
  -5.5067569e-01   4.8421300e-01
   1.3854978e+00  -9.7349719e-01
   6.2146353e-01  -4.3743503e-01
  -9.5291813e-01  -6.1509917e-01
  -4.1248442e+00  -3.8868883e+00
  -1.8808209e+00  -1.7793193e+00
  -2.0989252e+00   6.6088261e-01
  -1.9359428e+00  -2.2912243e+00
  -6.7888171e-01   8.1051164e-01
  -7.4974597e-01  -1.2839924e-01
  -2.1511936e+00  -5.2903592e-01
   4.3391166e+00   4.0585801e+00
  -1.8345430e+00  -3.2885434e+00
  -4.3254098e+00  -4.4356200e+00
  -6.2200833e-01  -6.0749420e-02
   5.8993356e+00   5.0656207e+00
  -6.2729730e+00  -6.1826810e+00
  -2.4446355e+00  -6.2906040e+00
  -2.4590745e+00  -1.1754923e+00
  -6.2276522e+00  -6.1387424e+00
  -1.8348438e+00  -9.2726354e-01
   1.0386943e+00   1.6109542e+00
   5.1145902e+00   5.1762079e+00
  -1.1399545e+00   6.0842591e-01
  -6.2557512e-01   9.4080611e-01
   3.3230563e+00   4.1026700e+00
   5.4951569e-01  -2.3681467e+00
   9.8394521e-01  -6.6326383e-02
  -1.2200389e+00   9.3564594e-02
   6.4375416e+00   6.2823758e+00
   5.6460965e+00   4.0879471e+00
  -3.7464538e+00  -2.6224749e+00
  -7.1468543e-01  -3.8472596e-01
  -8.1963841e-01  -1.5185519e+00
   3.0475894e+00   3.2029987e+00
  -1.6756104e+00  -2.1072514e+00
   2.0997639e+00   2.3768710e+00
  -4.1325225e+00  -2.5100632e+00
   2.2520103e-01   5.9856209e-02
   1.2749059e+00   5.4955169e-02
  -4.0836606e+00  -8.3099997e-01
  -1.4445166e+00  -2.2057916e+00
   2.9999596e+00   3.4917272e+00
   6.6861549e+00   6.2618208e+00
   1.3554682e+00   3.2474674e+00
   6.0285774e-01  -7.7787015e-02
   4.4412034e+00   4.0758115e+00
   1.0724204e+00   2.8558744e+00
  -2.6507652e+00  -2.8401642e+00
  -4.8385287e-01  -1.7274232e+00
  -3.5354493e+00  -3.0608825e+00
   1.4213742e+00   1.6563316e+00
   1.8773565e+00   2.5480173e+00
  -1.9400404e+00   4.8273225e-01
  -2.3770508e+00  -2.6051481e+00
   3.4337166e+00   1.4038072e+00
  -6.9315397e+00  -6.3270748e+00
   2.8116323e+00   3.6778217e+00
  -2.2848231e+00  -3.9027710e+00
   5.6488374e+00   4.5341068e+00
   2.0259292e+00  -7.1546546e-01
  -3.2301652e+00  -1.1566354e+00
  -2.8990377e+00  -2.0957903e+00
   2.5942057e+00   4.3921319e+00
  -4.1272891e+00  -2.1636697e+00
   9.4086896e-01   7.9455886e-01
   5.5646616e-02  -2.5145635e+00
  -3.9085463e+00  -3.4174459e+00
   2.1006800e+00   1.4330176e+00
  -6.4922311e-01  -2.6562995e-02
  -9.3511324e-02   2.1423766e+00
  -1.5508120e-01   4.8473139e+00
   2.3573246e+00   5.2786338e+00
  -6.8933229e-01   1.3061816e+00
   2.8934247e+00   1.5783156e+00
  -3.7851827e+00  -5.1316818e+00
  -1.2717066e-02  -1.3236551e+00
  -3.4233067e+00  -2.3497787e+00
  -4.5286605e+00  -4.9657302e+00
   2.0687403e+00   3.8354700e+00
   6.1758094e+00   4.6632166e+00
   1.1538047e+00   1.9701725e+00
  -1.5837516e+00  -2.2358126e+00
   6.3500443e-01   1.1621511e+00
  -3.7148903e-01   2.8685507e-01
   4.0858011e+00   3.0663472e+00
   1.6993794e+00  -9.7637388e-02
   5.7376842e-01  -6.3979467e-01
   3.5463168e+00   4.8184907e+00
   5.3385556e+00   5.2700145e+00
   9.6161390e-01  -2.9627533e-01
  -2.0771533e+00  -5.3453864e-01
   4.6689546e+00   2.8719991e+00
   5.5493305e-01  -3.9083497e-01
   2.2369613e+00   2.7117433e+00
   3.2339564e+00   6.6178543e-01
  -1.6085391e+00  -2.9357902e+00
  -4.1657214e+00  -3.9273216e+00
  -8.2485907e-01  -8.1008497e-02
   5.1061727e+00   3.1009440e+00
  -9.9390661e-01  -3.3380584e+00
  -5.7290501e-01  -1.9660512e-01
  -2.8558694e+00  -2.8111543e+00
   2.9788298e+00   1.7320407e+00
  -5.7840863e-01   2.4322792e-02
  -3.0516847e+00  -2.5179192e+00
  -2.9045039e-01   9.9774088e-01
  -5.9430485e+00  -5.7077385e+00
  -1.5759235e+00  -4.1814277e+00
   2.4282637e-01   2.5369863e+00
  -1.4537225e-01  -2.3537348e+00
   3.0495981e+00   2.7197903e+00
  -3.9555887e+00  -3.9442257e+00
   9.8736419e-02   7.4046564e-01
   1.6657127e+00   8.5083258e-01
   1.0937543e+00   2.6114830e-01
   1.4306694e+00   1.6663201e+00
   9.8907990e-01   3.4208177e+00
   4.9303085e-01  -1.6495527e+00
  -4.4536907e+00  -5.2556498e+00
  -4.8018701e-01  -5.2599692e-01
  -3.5881609e-02   1.7638409e+00
   3.1588390e+00   4.1574858e+00
   1.5297907e-01  -1.3917580e+00
  -1.9644886e+00  -9.7889042e-01
  -2.1648521e-01   6.3606445e-01
  -2.2901755e+00  -2.8876432e+00
   5.6741276e-01  -1.6401298e+00
  -1.1411908e+00   1.2572074e+00
   2.5677416e-01   1.0220118e+00
   1.8783178e+00   1.7495147e+00
  -4.3085239e+00  -4.6979528e+00
  -7.5669209e-01  -1.6051969e+00
  -3.0316424e+00  -2.2910949e+00
   2.5916889e-01  -1.3753751e+00
   6.6930928e-01   1.6174612e+00
  -9.7758499e-01  -1.5392861e+00
   4.5544941e+00   5.6995855e+00
   2.4265910e+00   2.6001835e+00
   4.0414829e+00   1.3340366e+00
   3.0924437e+00   5.0488450e+00
   5.8405924e+00   3.7121581e+00
   1.7522599e+00   2.2413736e-01
   1.9657516e+00   1.4450660e+00
  -1.1530663e+00  -2.4856504e+00
  -4.3849114e+00  -3.5265598e+00
  -1.7361423e+00  -3.5197110e+00
   1.2226062e+00   2.2202527e+00
   2.7050712e+00   3.2552861e+00
  -2.4566296e+00  -3.1816290e+00
  -6.3027087e+00  -4.4491011e+00
   1.5490767e+00   3.4850566e+00
   2.6364693e+00   1.1801616e+00
  -1.7658329e+00  -1.5530579e+00
   2.7470548e+00   4.3484485e-01
  -7.4602721e-01   6.3931360e-01
   1.5144195e+00   3.9033322e+00
   7.1917443e-01   3.2938328e+00
  -1.5739016e+00  -6.3588904e-01
  -2.9375675e+00  -3.3027790e+00
  -2.1225224e+00  -5.6514652e+00
   4.6861747e+00   3.8670310e+00
  -4.1147276e+00  -2.6680016e+00
   1.7977334e+00   1.1155208e+00
  -1.0794660e+00  -2.0951615e+00
   2.0287106e-01   1.9046688e+00
  -2.2015033e+00  -3.1965355e+00
   2.9381959e+00   8.1759501e-01
  -9.4091955e-01  -1.6416755e+00
  -1.5395239e+00   3.2926546e-01
  -2.4650457e+00  -9.0711597e-01
  -2.6285221e-01  -1.5252386e+00
   1.6175402e+00  -6.4898426e-01
  -1.3093566e-01  -2.1673220e+00
   5.0777886e+00   7.2794994e+00
  -1.2231379e-01   6.5970155e-02
  -2.9250913e+00  -4.2512717e+00
  -3.2283107e+00  -1.7112063e+00
   7.1267437e-01   1.3589645e+00
   3.9806579e+00   1.9434071e+00
   1.0436019e+00   1.0066880e+00
   8.1027811e-01   2.4633093e-02
   7.1944288e-01   1.3076512e+00
   5.9682436e-01   4.4168723e+00
  -2.6524995e+00  -1.2385489e+00
  -1.6086925e+00  -2.2498770e-01
   9.9116800e-01   9.7661439e-01
   6.1918202e+00   4.7604877e+00
   3.0768115e+00   1.4907367e+00
   3.3265861e+00   4.4417846e-01
   2.3460848e+00   1.8919908e+00
