   1.0000000e+00   1.3840000e+02   1.0000000e+01   3.0000000e+03  -1.0300000e+02   0.0000000e+00   3.0000000e-01
   1.0000000e+00   5.2000000e+01   4.0000000e+00   0.0000000e+00  -1.0300000e+02   0.0000000e+00   2.5000000e+00
   0.0000000e+00   1.6100000e+01   0.0000000e+00   2.6400000e+03  -9.8000000e+01   1.0000000e+00   1.0300000e+01
   0.0000000e+00   1.6952000e+03   1.0000000e+00   3.5000000e+03  -9.3000000e+01   0.0000000e+00   1.4000000e+01
   0.0000000e+00   8.4500000e+02   1.0000000e+00   1.0000000e+03  -9.2000000e+01   1.0000000e+00   1.4000000e+01
   1.0000000e+00   6.9000000e+00   2.0000000e+00   1.0000000e+04  -8.6000000e+01   0.0000000e+00   0.0000000e+00
   1.0000000e+00   1.0590000e+02   4.0000000e+00   0.0000000e+00  -6.8000000e+01   0.0000000e+00   0.0000000e+00
   1.0000000e+00   5.6600000e+01   4.0000000e+00   0.0000000e+00  -6.4000000e+01   0.0000000e+00   0.0000000e+00
   1.0000000e+00   5.1400000e+01   2.0000000e+01   1.3000000e+03  -6.3000000e+01   0.0000000e+00   1.2000000e+00
   1.0000000e+00   2.2100000e+01   0.0000000e+00   6.0000000e+03  -6.2000000e+01   0.0000000e+00   0.0000000e+00
   1.0000000e+00   2.2100000e+01   0.0000000e+00   6.0000000e+03  -6.1000000e+01   0.0000000e+00   0.0000000e+00
   1.0000000e+00   2.7700000e+01   3.0000000e+00   4.5000000e+03  -6.0000000e+01   0.0000000e+00   0.0000000e+00
   1.0000000e+00   1.8600000e+01   5.0000000e+00   5.0000000e+03  -5.9000000e+01   0.0000000e+00   5.0000000e-01
   1.0000000e+00   6.9900000e+01   8.0000000e+00   0.0000000e+00  -5.9000000e+01   0.0000000e+00   4.4000000e+00
   1.0000000e+00   1.4570000e+02   1.0000000e+01   0.0000000e+00  -5.9000000e+01   0.0000000e+00   4.2000000e+00
   1.0000000e+00   7.7200000e+01   9.0000000e+00   0.0000000e+00  -5.9000000e+01   0.0000000e+00   4.5000000e+00
   1.0000000e+00   2.6200000e+01   8.0000000e+00   0.0000000e+00  -5.9000000e+01   0.0000000e+00   4.7000000e+00
   1.0000000e+00   1.0230000e+02   6.0000000e+00   0.0000000e+00  -5.9000000e+01   0.0000000e+00   4.9000000e+00
   1.0000000e+00   4.9500000e+01   1.1000000e+01   0.0000000e+00  -5.9000000e+01   0.0000000e+00   4.6000000e+00
   1.0000000e+00   1.2200000e+01   8.0000000e+00   0.0000000e+00  -5.9000000e+01   0.0000000e+00   5.0000000e+00
   0.0000000e+00   3.2060000e+02   0.0000000e+00   4.0000000e+03  -5.4000000e+01   0.0000000e+00   1.6500000e+01
   1.0000000e+00   9.9000000e+00   5.0000000e+00   0.0000000e+00  -5.4000000e+01   0.0000000e+00   5.2000000e+00
   1.0000000e+00   1.5300000e+01   2.0000000e+00   0.0000000e+00  -5.3000000e+01   0.0000000e+00   5.5000000e+00
   0.0000000e+00   5.5200000e+01   0.0000000e+00   1.3200000e+03  -4.9000000e+01   1.0000000e+00   1.1900000e+01
   0.0000000e+00   1.1620000e+02   2.0000000e+00   9.0000000e+02  -4.5000000e+01   1.0000000e+00   5.5000000e+00
   0.0000000e+00   1.5000000e+01   5.0000000e+00   0.0000000e+00  -3.9000000e+01   0.0000000e+00   7.2000000e+00
   0.0000000e+00   2.3400000e+01   5.0000000e+00   4.4200000e+03  -3.9000000e+01   0.0000000e+00   5.5000000e+00
   0.0000000e+00   1.3280000e+02   2.0000000e+00   2.6400000e+03  -3.5000000e+01   0.0000000e+00   1.0200000e+01
   0.0000000e+00   1.2000000e+01   5.0000000e+00   3.4000000e+03  -1.6000000e+01   0.0000000e+00   5.5000000e+00
   0.0000000e+00   6.7000000e+01   2.0000000e+00   9.0000000e+02  -5.0000000e+00   1.0000000e+00   5.5000000e+00
   0.0000000e+00   3.0800000e+01   2.0000000e+00   9.0000000e+02  -4.0000000e+00   0.0000000e+00   5.5000000e+00
