   4.5000000e+00
   1.0600000e+01
   1.7000000e+00
   5.0000000e+00
   5.0000000e+00
   3.3000000e+00
   5.7000000e+00
   6.2000000e+00
   1.9400000e+01
   3.2000000e+00
   4.7000000e+00
   6.9000000e+00
   8.1000000e+00
   1.1600000e+01
   1.9300000e+01
   1.1700000e+01
   1.3300000e+01
   1.5100000e+01
   1.2400000e+01
   1.5300000e+01
   1.2200000e+01
   1.8100000e+01
   1.6800000e+01
   5.9000000e+00
   4.0000000e+00
   3.7200000e+01
   1.8200000e+01
   1.5100000e+01
   2.2900000e+01
   1.5200000e+01
   2.1900000e+01
